95
0000000000000000000000000000000000000000000000000000000000000000000000000000000000000000000000000000
0010101000001010100000101010000010101000001010000000000000001010101000000000000000000000000000000000
0000000000000000000000000000000011000100110001100001100110000011000110000000000000000000000000000000
0001000100001100010011111111100010011000001001100001000100000100010000000000000000000000000000000000
0011111100110010010011001000000011111000000010111010001001101111111100000010000000000000000000000000
1110001100101000000010000100001010100000000101001000100100100100010010000000000000000000000000000000
0011000000010011000001001000000011001100100110100010000110001111101100000000000000000000000000000000
0101010000000101100001010000000000000000000000000000000000000000000000000000000000000000000000000000
0000001110000111000001110000000111000000111100000011110000000111000000001110000000000111000000000000
1110000000000111000000001110000000011100000001110000000111000000011100000011000001110000000000000000
0001100000110110111001111110000001100000000000000000000000000000000000000000000000000000000000000000
0000000000000010000000001000001111111100000010000000001000000000000000000000000000000000000000000000
0000000000000000000000000000000000000000000000000000000000000101011000000001100011000000000000000000
0000000000000000000000000000000000000000011111110000000000000000000000000000000000000000000000000000
0000000000000000000000000000000000000000000000000000000000001010101000000000000000000000000000000000
0000000110000000110000000110000000110000000110000001100000001100000000000000000000000000000000000000
0011110000110000110011000001101100000110110000011011000011000011011000000000000000000000000000000000
0000100000110110000000011000000001100000000110000000011000000001100000000000000000000000000000000000
1111111000110000111000000001100000001100000001100000100000001111111110000000000000000000000000000000
1111110000110000110000000011000011110000000000111010000001101111111100000000000000000000000000000000
0000011000000011100000010110000010011000010001100000000110000000011000000000000000000000000000000000
1111111000100000000010000000001111111000000000111000000001101110111000000000000000000000000000000000
0001111100011000000011000000001111111100110000011011000001100011011100000000000000000000000000000000
1111111110100000010000000010000000010000000010000000110000000110000000000000000000000000000000000000
0011111000110000110011000011000011111000110000111011000001100111011100000000000000000000000000000000
0011110000110000110011000011101100000110001110011000000011001111111000000000000000000000000000000000
0000000000000000000000101010000010101000000000000000000000001010101000000000000000000000000000000000
0000000000000000000001010100000101010000000000000000000000001101011000000101000010000000000000000000
0000000000000000001000001100001100000000001100000000000001100000000000000000000000000000000000000000
0000000000000000000011111111100000000000111111110000000000000000000000000000000000000000000000000000
0000000000100000000000111000000000001100000001100011000000000000000000000000000000000000000000000000
1111110000000000111000000011100000011100001100000000000000000111100000000000000000000000000000000000
0001111000010000010010001100101001010010001001001000100000001011011000100000000001100110000000000000
0000100000000110000000100100000010011000001111100001000010001100001100000000000000000000000000000000
1111111000011000010001100001000111111000011000011001100001100111111100000000000000000000000000000000
0001111110011000001011000000001100000000110000000001000000100011101110000000000000000000000000000000
1111110000110000110011000001101100000110110000011011000001101111111000000000000000000000000000000000
1111111100011000010001100000000110001000011000100001100000100111111110000000000000000000000000000000
1111111110011000001001100000000110000000011000000001100000000110000000000000000000000000000000000000
0001111000110000010010000000001000000000100001111011000001000111011100000000000000000000000000000000
1111011110110000110011000011001100001100110000110011000011001100001100000000000000000000000000000000
1111111110000111000000011100000001110000000111000000011100000001110000000000000000000000000000000000
0011111110000011100000001110000000111000000011100000001100001111100000000000000000000000000000000000
1110011100110001000011001000001101100000110011000011000110001100001100000000000000000000000000000000
1111100000011000000001100000000110000000011000000001100000100111111110000000000000000000000000000000
1100000110110000110010100001001010010100101101010010011001001001000100000000000000000000000000000000
1110001110111000010010010001001001100100100011010010000011001100001100000000000000000000000000000000
0011110000110000010010000001101000000110100000011011000001100111011000000000000000000000000000000000
1111111000011000010001100001100110000100011111100001100000000110000000000000000000000000000000000000
0011110000110000110010000001101000000110100000011011000011000110011000000001100000000011100000000000
1111110000110000110011000011001100011000110011000011000110001100001100000000000000000000000000000000
0011111100110000010011000000000111111000000000111010000001101111111100000000000000000000000000000000
1111111110100010000000001000000000100000000010000000001000000000110000000000000000000000000000000000
1100000100110000010011000001001100000100110000010001000011000011111000000000000000000000000000000000
0100000100011000000000100010000011001000000101000000011000000000100000000000000000000000000000000000
1000000010100010000001001101000101010100010101000000100010000010001000000000000000000000000000000000
0110001000001001000000011000000001100000000011000001100110001100001100000000000000000000000000000000
0110000100001000100000010000000001110000000010000000001000000000110000000000000000000000000000000000
1111111100100001100000001100000001100000001100000001100000101111111110000000000000000000000000000000
1110000000111000000011100000001110000000111000000011100000001110000000111000000000000000000000000000
1100000000011000000000110000000000100000000001000000000011000000000110000000000000000000000000000000
0000011100000001110000000111000000011100000001110000000111000000011100000001110000000000000000000000
0001100000001111000000100000001100001100100000010000000000000000000000000000000000000000000000000000
0000000000000000000000000000000000000000000000000000000000000000000000000000000000000000000000000000
0010110000000000000000000000000000000000000000000000000000000000000000000000000000000000000000000000
0000000000000000000001100110000000011000111001100011000110001111111000000000000000000000000000000000
1100000000110000000011111111001100001110110000011011000011101111111100000000000000000000000000000000
0000000000000000000001111011101110000010110000000011100000000111111110000000000000000000000000000000
0000001100000000110001110111001100001100100000110011000011000111111100000000000000000000000000000000
0000000000000000000001110111001100001110111000000011100000000111111110000000000000000000000000000000
0011100110011100000001111000000111000000011100000001110000000111100000000000000000000000000000000000
0000000000000000000001100110001100001100110001100001000000001111111100100000011010000011000000000000
0100000000010000000001111110000100001100010000110001000011000100001100000000000000000000000000000000
0111010000000000000000110100000011010000001101000000110100000011010000000000000000000000000000000000
0000011100000000000000000111000000011100000001110000000111000000011100000001110010000111000000000000
0110000000011000000001100010000110100000011111000001100100000110001100000000000000000000000000000000
0011010000001101000000110100000011010000001101000000110100000011010000000000000000000000000000000000
0000000000000000000011111111001000100100100010010010001001001000100100000000000000000000000000000000
0000000000000000000011111110001100001100110000110011000011001100001100000000000000000000000000000000
0000000000000000000001110111001100000110110000011011000001100111011100000000000000000000000000000000
0000000000000000000001111111000110001110011000011001100011100110011100011000000001100000000000000000
0000000000000000000001110111001100001100100000110011000011000111111100000000110000000011000000000000
0000000000000000000011111111101110000000111000000011100000001110000000000000000000000000000000000000
0000000000000000000011110110001100000000011111100000000011101110011100000000000000000000000000000000
0000000000000110000001111100000011100000001110000000111000000011111110000000000000000000000000000000
0000000000000000000001000011000100001100010000110001000011000111111100000000000000000000000000000000
0000000000000000000001000001000110001000001101100000111100000000100000000000000000000000000000000000
0000000000000000000011000001000100100100010101000000110110000010011000000000000000000000000000000000
0000000000000000000001100010000011010000000110000000100110000100011100000000000000000000000000000000
0000000000000000000001000001000110001000001101100000111100000000100000000010000010110000000000000000
0000000000000000000011000111000000110000000110000001100000101110001110000000000000000000000000000000
0011100000001110000000111000000111000000001110000000111000000011100000000110000000000000000000000000
1001000000100100000010010000001001000000100100000010010000001001000000100100000010010000000000000000
0011100000001110000000111000000000111000000111000000111000000011100000001110000000000000000000000000
0000000000000000000001100000101000110010000000000000000000000000000000000000000000000000000000000000
