285
0000000000000000000000000000000000000000000000000000000000000000000000000000000000000000000000000000000000000000000000000000000000000000000000000000000000000000000000000000000000000000000000000000000000000000000000000000000000000000000000000000000000000000
0000100000000000100010001000000010001000100000000000100000000000000010000000000000001000000000000000100000000000000010000000000000000000000000000000100000000000000010000000000000000000000000000000000000000000000000000000000000000000000000000000000000000000
0000000000000000000000000000000000000000000000000000000000000000000000000000000000000000100000000000100000000000100010000000000000001000000000000000000010000000000000000000000000000000000000000000000000000000000000000000000000000000000000000000000000000000
0000000000000000000000000000000000000000000000000000000000000000000000000000000000000000100000000000100000000000100010000000000000001000000000000000000010000000000000000000000000000000000000000000000000000000000000000000000000000000000000000000000000000000
0000010000100000000100000010000000010000001000000001000000100000110101011010100000010000100000000100000010000000010000001000000001000001000000000100000100000000000000010000000000000000000000000000000000000000000000000000000000000000000000000000000000000000
0010101010100000101000100010100010100010000010001010001000000000001010100000000000001010100000000000001010100000000000100010100010000010001010001000001000101000001010101010000000000010000000000000000000000000000000000000000000000000000000000000000000000000
0111000000110000110110000010000011001000010000001100100010000000110110011000000001110001000000000000001000111000000001000110110000001000010011000001000001101100001100000011100000000000000000000000000000000000000000000000000000000000000000000000000000000000
0000101100000000000110001000000000010000100000000001100100000000000110100101110000111000000110000110101000010000110010110100000011000001100000001100001111000100011110000101100000000000000000000000000000000000000000000000000000000000000000000000000000000000
1000100000000000100010001000000000000000100000000000100000000000000000000000000000000000000000000000000000000000000000000000000000000000000000000000000000000000000000000000000000000000000000000000000000000000000000000000000000000000000000000000000000000000
0000000010100000000001001000000000000100000000000010010000000000001000000000000000100000000000001010000000000000101000000000000000100000000000000010000000000000001001000000000000000100000000000000010010000000000000001010000000000000001000000000000000000000
1010000000000000001001000000000000000100000000000000010010000000000000001000000000000000100000000000000010100000000000001010000000000000100000000000000010000000000001001000000000000100000000000010010000000000101000000000000010000000000000000000000000000000
0000101000000000101000100010100000101010101000000010101010100000101000100010100000001010000000000000001000000000000000000000000000000000000000000000000000000000000000000000000000000000000000000000000000000000000000000000000000000000000000000000000000000000
0000000000000000000000010000000000000001000000000000000100000000000000010000000011101101101101000000000100000000000000010000000000000001000000000000000000000000000000000000000000000000000000000000000000000000000000000000000000000000000000000000000000000000
0000000000000000000000000000000000000000000000000000000000000000000000000000000000000000000000000000000000000000000000000000000000000000000000001000010000000000100001000000000000000000000000000000010000000000100000000000000000000000000000000000000000000000
0000000000000000000000000000000000000000000000000000000000000000000000000000000000000000000000000000000000000000101001001010000000000000000000000000000000000000000000000000000000000000000000000000000000000000000000000000000000000000000000000000000000000000
0000000000000000000000000000000000000000000000000000000000000000000000000000000000000000000000000000000000000000000000000000000000000000000000001000000000000000100000000000000000000000000000000000000000000000000000000000000000000000000000000000000000000000
0000000000100000000000000010000000000000100000000000000010000000000000001000000000000100000000000000010000000000000001000000000000100000000000000010000000000000100000000000000000000000000000000000000000000000000000000000000000000000000000000000000000000000
0000010110000000000100001010000001010000001000000100000000101000010000000010100011000000001010001100000000101000110000000010100001010000001000000001000010100000000001011000000000000000000000000000000000000000000000000000000000000000000000000000000000000000
0000010010000000101001001000000000000100100000000000010010000000000001001000000000000100100000000000010010000000000001001000000000000100100000000000010010000000101001001010000000000000000000000000000000000000000000000000000000000000000000000000000000000000
0001010110000000010000001010000000000000101000000000000000100000000000000010000000000000101000000000000010000000000000010000000000010000000010000101010110101000110101011010000000000000000000000000000000000000000000000000000000000000000000000000000000000000
0000101010000000001000001010000000000000001000000000000000100000000000101000000000001010101000000000000010100000000000000010100000000000001000001010000010100000101010101000000000000000000000000000000000000000000000000000000000000000000000000000000000000000
0000000010100000000000011010000000000001101000000000010010100000000101001010000000010000101000000100000010100000100000001010000000000000101000000000000010100000000000001010000000000000000000000000000000000000000000000000000000000000000000000000000000000000
0000101010101000000010101010100000001000000000000010101000000000001010101000000000000010101000000000000000101000000000000010100000000000001000000000000010100000101010100000000000000000000000000000000000000000000000000000000000000000000000000000000000000000
0000000010101000000001011000000000010100000000000101000000000000010101011010000001010000101010001100000000101000110000000010100001010000001010000101000010100000000101011000000000000000000000000000000000000000000000000000000000000000000000000000000000000000
0101010110101000010101011010000010000000001000000000000010100000000000001000000000000000100000000000000110000000000000010000000000000100000000000000010000000000000001000000000000000000000000000000000000000000000000000000000000000000000000000000000000000000
0010101010000000101000000010000010100000001010001010000000100000001010001000000000101010000000000000101010000000001000001010000010100000001010001010000000100000001010101000000000000000000000000000000000000000000000000000000000000000000000000000000000000000
0001010110000000010000001010000011000000101000001100000000100000110000000010100011000000001010001101000010100000010101011010000000000001100000000000010100000000110100000000000000000000000000000000000000000000000000000000000000000000000000000000000000000000
0000000000000000000000000000000000000000000000000000000000000000100001000000000010000100000000000000000000000000000000000000000000000000000000001000010000000000100001000000000000000000000000000000000000000000000000000000000000000000000000000000000000000000
0000000000000000000000000000000000000000000000000000000000000000100001000000000010000100000000000000000000000000000000000000000000000000000000001000010000000000100001000000000000000000000000000000010000000000000000000000000000000000000000000000000000000000
0000000000000000000000000001010000000000101100000000010100000000011010000000000011000000000000000110100000000000000001010000000000000000000101000000000000000000000000000000000000000000000000000000000000000000000000000000000000000000000000000000000000000000
0000000000000000000000000000000000000000000000000000000000000000110110101101100000000000000000000000000000000000110110101101100000000000000000000000000000000000000000000000000000000000000000000000000000000000000000000000000000000000000000000000000000000000
0000000000000000110000000000000001101000000000000000010100000000000000001011000000000000000101000000000010110000000001010000000011000000000000000000000000000000000000000000000000000000000000000000000000000000000000000000000000000000000000000000000000000000
0010101001000000100000000101000010000000000100001000000000010000000000000101000000000000010000000000001000000000000000000000000000000000000000000000101000000000000010100000000000000000000000000000000000000000000000000000000000000000000000000000000000000000
0000110000011000000100000000110000100000000001000100000111010010010000110111001010000110001100101000110000100010100011000110001010011000110001001001100111001000010011100111000001000000000000100010000000000100000110000001100000000111111000000000000000000000
0000001010000000000000101000000000000110100000000000010011000000000010001100000000001000110000000001000001100000000111101110000000100000001100000110000000111000111100000111110000000000000000000000000000000000000000000000000000000000000000000000000000000000
1110111011000000011000000110100000100000001010000010000000101000001000000110100000101110111000000010000001101000001000000010110000100000001011000110000001101000111011101110000000000000000000000000000000000000000000000000000000000000000000000000000000000000
0000110110100100001010000001010001100000000001001100000000000000110000000000000011000000000000001100000000000000110000000000000001100000000000000010100000010100000011011010000000000000000000000000000000000000000000000000000000000000000000000000000000000000
1111101111000000011000001101000000100000000110000010000000011100001000000000110000100000000011000010000000001100001000000000110000100000000110000110000011010000111110111100000000000000000000000000000000000000000000000000000000000000000000000000000000000000
1110111011101000001010000000100000101000000010000010100000100000001010000110000000101110111000000010100001100000001010000010000000101000000001000010100000001000111011101110100000000000000000000000000000000000000000000000000000000000000000000000000000000000
1101101011011000010100000000100000010000000010000001000000000000000100000100000000011010110000000001000001000000000100000000000000010000000000000101000000000000110110100000000000000000000000000000000000000000000000000000000000000000000000000000000000000000
0001101110010000001100000101000001100000000100001100000000000000110000000000000011000000110111001100000000011000110000000001100001100000000110000011100000011000000110111100000000000000000000000000000000000000000000000000000000000000000000000000000000000000
1111100011011100011000000001100000100000000110000010000000011000001000000001100000111011110110000010000000011000001000000001100000100000000110000110000000011000111110001101110000000000000000000000000000000000000000000000000000000000000000000000000000000000
1010101001010000000010100000000000001010000000000000101000000000000010100000000000001010000000000000101000000000000010100000000000001010000000000000101000000000101010100101000000000000000000000000000000000000000000000000000000000000000000000000000000000000
0000101010101000000000101000000000000010100000000000001010000000000000101000000000000010100000000000001010000000000000101000000000000010100000001010001000000000101010100000000000000000000000000000000000000000000000000000000000000000000000000000000000000000
1111110011111000001100000110000000110000010000000011000010000000001101100000000000111100000000000011111000000000001101101000000000110000011000000011000001111000111111000111110000000000000000000000000000000000000000000000000000000000000000000000000000000000
1110110000000000011000000000000000100000000000000010000000000000001000000000000000100000000000000010000000000000001000000000000000100000000001000110000000010000111011011011000000000000000000000000000000000000000000000000000000000000000000000000000000000000
1110000000011110111000000011100001110000001110000111000000111000010110000101100001011000010110000100110010011000010011001001100001000111000110001100011000011000111000100111111000000000000000000000000000000000000000000000000000000000000000000000000000000000
1110000000111100011100000001100000111000000100000011110000010000001011100001000000100110100100000010001010010000001000001101000000100000001100000010000000110000111110000001000000000000000000000000000000000000000000000000000000000000000000000000000000000000
0000101111000000001110000101000001100000000110000110000000001100111000000000110011100000000011001110000000001100111000000000110001100000000110000011100001010000000010111100000000000000000000000000000000000000000000000000000000000000000000000000000000000000
1110110110100000001010001011000000101000001101000010100000110100001010000011010000101000101100000010110110100000001010000000000000101000000000000010100000000000111011010000000000000000000000000000000000000000000000000000000000000000000000000000000000000000
0000111011000000001010000110000001100000001010001100000000001100110000000000110011000000000011001100000000001100110000000000110001100000001010000110100001101000000011101100000000000110100000000000000011100000000000000010110000000000000000000000000000000000
1111101110000000011000011100000001100000110000000110000011000000011000001100000001100001100000000111101100000000011000110000000001100000100000000110000011010000111110000101110000000000000000000000000000000000000000000000000000000000000000000000000000000000
0101010100000000010000001010000011000000001000001100000000000000110100000000000001010101000000000000010110100000000000001010100010000000001010001100000000100000100101011000000000000000000000000000000000000000000000000000000000000000000000000000000000000000
0110111011101000010000100000100010000010000001000000001000000000000000100000000000000010000000000000001000000000000000100000000000000010000000000000001000000000000001100000000000001110110000000000000000000000000000000000000000000000000000000000000000000000
1111100000111100001100000001100000110000000100000011000000010000001100000001000000110000000100000011000000010000001100000001000000110000000100000011000000010000000110000010000000001110110000000000000000000000000000000000000000000000000000000000000000000000
1111100000111100001100000001100000010000000100000001100000010000000110000001000000001100001000000000110000100000000001100100000000000110010000000000011011000000000000101000000000000010100000000000000000000000000000000000000000000000000000000000000000000000
1111011110011110011000110000010001100001000011000010000100001000001100011000100000110001100110000001000010010000000110101101000000011010111100000000110011100000000011000110000000001100011000000000000000000000000000000000000000000000000000000000000000000000
1111110001111100001110000001100000011100001000000000110001100000000001101100000000000010100000000000001010000000000001001100000000001000011000000001100001110000001100000011100011111000011111000000000000000000000000000000000000000000000000000000000000000000
1111100001011100011100000001100000110000010100000001100001000000000110001000000000001010100000000000001100000000000000110000000000000011000000000000001100000000000000110000000000011011110000000000000000000000000000000000000000000000000000000000000000000000
0110110110110100011000000011010001000000001100000000000010100000000000011000000000000101100000000000010100000000000011000000000000101100000000000010100000000000011000000000010011101101101101000000000000000000000000000000000000000000000000000000000000000000
1000010000000000100001000000000010000100000000001000010000000000100001000000000010000100000000001000010000000000100001000000000010000100000000001000010000000000100001000000000010000100000000001000010000000000100001000000000010000100000000000000000000000000
1000000000000000001000000000000000100000000000000010000000000000000001000000000000000100000000000000010000000000000000000000000000000000100000000000000010000000000000000000000000000000001000000000000000000000000000000000000000000000000000000000000000000000
1000010000000000100001000000000010000100000000001000010000000000100001000000000010000100000000001000010000000000100001000000000010000100000000001000010000000000100001000000000010000100000000001000010000000000100001000000000010000100000000000000000000000000
0000101000000000000010001000000000100000100000000010000000100000100000000010100010000000000010000000000000000000000000000000000000000000000000000000000000000000000000000000000000000000000000000000000000000000000000000000000000000000000000000000000000000000
1000010000000000000001000000000000000000000000000000000000000000000000000000000000000000000000000000000000000000000000000000000000000000000000000000000000000000000000000000000000000000000000000000000000000000000000000000000000000000000000000000000000000000
0000000000000000000000000000000000000000000000000000000000000000001010100100000010100000010100001000000001010000000000100101000000101000010100001000000001010000101000000101000010101000010100000000000000000000000000000000000000000000000000000000000000000000
1101000000000000010100000000000001010000000000000101000000000000010101011010000001010000101000000101000000101000010100000010100001010000001010000101000000101000010100001010000000010101100000000000000000000000000000000000000000000000000000000000000000000000
0000000000000000000000000000000000000000000000000000000000000000001010100100000010100000010100001000000000010000100000000000000010000000000000001010000000000000101010100101000000101010010000000000000000000000000000000000000000000000000000000000000000000000
0000000110100000000000000010000000000000001000000000000000100000000101010010000001010000101000001100000000100000110000000010000011000000001000001100000000100000010100001010100000010101001000000000000000000000000000000000000000000000000000000000000000000000
0000000000000000000000000000000000000000000000000000000000000000001010101000000010000000101000001010101010101000100000000000000010000000000000001010000000001000101010101010000000101010100000000000000000000000000000000000000000000000000000000000000000000000
0000101000001000000010000000000000001000000000000000100000000000101010101010000000001000000000000000100000000000000010000000000000001000000000000000100000000000000010000000000010101010100000000000000000000000000000000000000000000000000000000000000000000000
0000000000000000000000000000000000000000000000000000000000000000000110101000000001010000110110000101000001000000010100000101000000010000110000000001101010000000010100000000000001011010110100000001101011011000010000000000000011000000000100000000000000000000
1101000000000000010100000000000001010000000000000101000000000000010100101100000001010000110000000101000001000000010100000100000001010000010000000101000001000000010100000100000011011010110110000000000000000000000000000000000000000000000000000000000000000000
0001000000000000000000000000000000000000000000000000000000000000000100100000000010010010000000000001001000000000000100100000000000010010000000000001001000000000000100100000000010010010010000000000000000000000000000000000000000000000000000000000000000000000
0000000010100000000000000000000000000000000000000000000000000000000000001010000000000100101000000000000010100000000000001010000000000000101000000000000010100000000000001010000000000000101000000000000010100000000000001010000010100000100000000000000000000000
1101000000000000010100000000000001010000000000000101000000000000010100001101100001010000110000000101001000000000010110100000000001011010000000000101001010000000010100001100000011011000110110000000000000000000000000000000000000000000000000000000000000000000
1001001000000000000100100000000000010010000000000001001000000000000100100000000000010010000000000001001000000000000100100000000000010010000000000001001000000000000100100000000010010010010000000000000000000000000000000000000000000000000000000000000000000000
0000000000000000000000000000000000000000000000000000000000000000011011100111000011100011100100000110001100011000011000110001100001100011000110000110001100011000011000110001100011110111101111000000000000000000000000000000000000000000000000000000000000000000
0000000000000000000000000000000000000000000000000000000000000000010110101100000011010000110000000101000001000000010100000100000001010000010000000101000001000000010100000100000011011010110110000000000000000000000000000000000000000000000000000000000000000000
0000000000000000000000000000000000000000000000000000000000000000001010101010000010100000101010001000000000101000100000000000100010000000000010001010000000001000101010000010100000101010101000000000000000000000000000000000000000000000000000000000000000000000
0000000000000000000000000000000000000000000000000000000000000000010101011010000011010000101000000101000000101000010100000010100001010000001010000101000000101000010100001010000001010101100000000101000000000000010100000000000001010000000000000000000000000000
0000000000000000000000000000000000000000000000000000000000000000000010101000100000100000001010001000000000101000100000000010100010000000001010001000000000101000101000000010100000101010001010000000000000101000000000000010100000000000001010000000000000000000
0000000000000000000000000000000000000000000000000000000000000000001010100100000010101000010100000010100000000000001010000000000000101000000000000010100000000000001010000000000010101010000000000000000000000000000000000000000000000000000000000000000000000000
0000000000000000000000000000000000000000000000000000000000000000001001000010000010000000101000001000000000100000101001000000000000100100101000001000000010100000101000000010000010100100100000000000000000000000000000000000000000000000000000000000000000000000
0000000000000000000000100000000000010010000000000001001000000000100100100100000000010010000000000001001000000000000100100000000000010010000000000001001000000000000100100000000000010010010000000000000000000000000000000000000000000000000000000000000000000000
0000000000000000000000000000000000000000000000000000000000000000110100001101000001010000010100000101000001010000010100000101000001010000010100000101000001010000010100001101100000011010010100000000000000000000000000000000000000000000000000000000000000000000
0000000000000000000000000000000000000000000000000000000000000000110110100001100000011000000100000001100000010000000010000000000000001010010000000000001001000000000000101000000000000010100000000000000000000000000000000000000000000000000000000000000000000000
0000000000000000000000000000000000000000000000000000000000000000111101101100110001100010100010000010001010001000001100101100000000110000110100000001010001010000000110000110000000011000001000000000000000000000000000000000000000000000000000000000000000000000
0000000000000000000000000000000000000000000000000000000000000000111010011011000000101000101000000000110100000000000001010000000000001101100000000000100110000000001000001010000001101001101101000000000000000000000000000000000000000000000000000000000000000000
0000000000000000000000000000000000000000000000000000000000000000110110000101100001010000000100000001000001000000000110000100000000001000010000000000101010000000000000101000000000000010000000000000001000000000000010100000000011011000000000000000000000000000
0000000000000000000000000000000000000000000000000000000000000000101010101010100010000000001000000000000010100000000000101000000000001010000000000010100000000000001010000000100010101010101010000000000000000000000000000000000000000000000000000000000000000000
0000000001000000000000100100000000000010010000000000001001000000000000100100000000000010010000000001001000000000100100000000000000010010000000000000001001000000000000100100000000000010010000000000001001000000000000100100000000000000010000000000000000000000
1000000000000000100000000000000010000000000000001000000000000000100000000000000010000000000000001000000000000000100000000000000010000000000000001000000000000000100000000000000010000000000000001000000000000000100000000000000010000000000000000000000000000000
1001000000000000000100000000000000010000000000000001000000000000100100000000000000010000000000000001001000000000000000000100000000000010000000000001000000000000100100000000000000010000000000000001000000000000000100000000000010010000000000000000000000000000
0000000000000000000000000000000000000000000000000000000000000000000000000000000000000000000000000110100000000100010001010000010010000000101100000000000000000000000000000000000000000000000000000000000000000000000000000000000000000000000000000000000000000000
0000000000000000000000000000000000000000000000000000000000000000000000000000000000000000000000000000000000000000000000000000000000000000000000000000000000000000000000000000000000000000000000000000000000000000000000000000000000000000000000000000000000000000
1000100010000000100010001000000010001000100000001000100010000000000010001000000000001000000000000000100000000000000010000000000000001000000000000000000000000000100010001000000000000000000000000000000000000000000000000000000000000000000000000000000000000000
0000000000000000000000000000000000000000000000000000000000000000000001000010100001010000100000001100000110000000110000011000000001010000100000000001000010100000000000000000000000000000000000000000000000000000000000000000000000000000000000000000000000000000
0000110000010000000011000011000000001100001100000000100000100000111011011011010000101000101000000010000010100000111011011011010001100001100000000110000110000000010000011000000000000000000000000000000000000000000000000000000000000000000000000000000000000000
0101010110000000110101011010000011000101001010001100010100000000110001010000000000010101101000000000010110101000000001010010100010000101001010001100010100101000010101011000000000000101000000000000010100000000000000000000000000000000000000000000000000000000
0111000000100000110110000100000011001100110000001100110010000000110011011000000001110011001110000000001001001100000001101100110000000100110011000000110011001100000100000011100000000000000000000000000000000000000000000000000000000000000000000000000000000000
0000110100000000001010011000000001100000101000000110000010100000001011011000000001101101000000001100010110010100110000011011000011000000101100001100000010110000001011010000010000000000000000000000000000000000000000000000000000000000000000000000000000000000
1000010000000000100001000000000000000100000000001000000000000000000000000000000000000000000000000000000000000000000000000000000000000000000000000000000000000000000000000000000000000000000000000000000000000000000000000000000000000000000000000000000000000000
0000000010100000000000001000000000000100100000000000010000000000001001000000000000100000000000000010000000000000101000000000000000100000000000000010000000000000001001000000000000000100000000000000010010000000000000001000000000000000101000000000000000000000
1000000000000000100100000000000000010000000000000001001000000000000000100000000000000010010000000000001001000000000000100100000000000010010000000000001001000000000000100000000000010010000000000001000000000000100100000000000010000000000000000000000000000000
0000010000000000101001001010000000100100101000000010010010000000001000001010000000000000000000000000000000000000000000000000000000000000000000000000000000000000000000000000000000000000000000000000000000000000000000000000000000000000000000000000000000000000
0000000000000000000000000000000000000000000000000000001010000000000000101000000011011010110110000101101011011000000000101000000000000010100000000000001010000000000000000000000000000000000000000000000000000000000000000000000000000000000000000000000000000000
0000000000000000000000000000000000000000000000000000000000000000000000000000000000000000000000000000000000000000000000000000000000000000000000000000000000000000100010001000000000001000100000000000100000000000000010000000000000000000000000000000000000000000
0000000000000000000000000000000000000000000000000000000000000000000000000000000000000000000000000000000000000000101010100101000010101010010100000000000000000000000000000000000000000000000000000000000000000000000000000000000000000000000000000000000000000000
0000000000000000000000000000000000000000000000000000000000000000000000000000000000000000000000000000000000000000000000000000000000000000000000000000000000000000100001000000000000000000000000000000000000000000000000000000000000000000000000000000000000000000
0000000000100000000000001010000000000000100000000000000010000000000001001000000000000100000000000010010000000000001001000000000000100000000000000010000000000000101000000000000000000000000000000000000000000000000000000000000000000000000000000000000000000000
0001010110000000010100001010000011000000001010001100000000101000110000000010100011000000001010001100000000101000110000000010100011000000001010001100000000101000000101011000000000000000000000000000000000000000000000000000000000000000000000000000000000000000
0000000010100000000001001010000000100100101000001010000010100000100000001010000000000000101000000000000010100000000000001010000000000000101000000000000010100000000000001010000000000000000000000000000000000000000000000000000000000000000000000000000000000000
0000101011000000000110000101000001010000000110000101000000011000000000000001100000000000010100000000000011000000000010101000000000011010000000000101100000000000110110101101100000000000000000000000000000000000000000000000000000000000000000000000000000000000
0001010110000000010100001010000011000000001010001100000000101000000000001010000000000000101000000000000000101000000000000010100011000000001010001100000000101000000101011000000000000000000000000000000000000000000000000000000000000000000000000000000000000000
0000000001010000000000001101000000000010110100000000101001010000000010000101000001010000010100000100000001010000110110101101100000000000110100000000000001010000000000000101000000000000000000000000000000000000000000000000000000000000000000000000000000000000
0101010110101000010101011010000001000000000000000100000000000000110001011000000011000000001010000000000000101000000000000010100011000000001010001100000000101000000101011000000000000000000000000000000000000000000000000000000000000000000000000000000000000000
0001010110000000010100001010000011000000001010001100000000101000110000000000000011010000101000001100000000101000110000000010100011000000001010001100000000101000000101011000000000000000000000000000000000000000000000000000000000000000000000000000000000000000
1101010110101000110101011010100000000000101000000000000010100000000000011000000000000101000000000000010100000000000101000000000000010100000000000001010000000000000100000000000000000000000000000000000000000000000000000000000000000000000000000000000000000000
0001010110000000010100001010000011000000001010001100000000101000010100001010000001010000101000001100000000101000110000000010100011000000001010001100000000101000000101011000000000000000000000000000000000000000000000000000000000000000000000000000000000000000
0001010110000000010100001010000011000000001010001100000000101000110000000010100011010000101010000101010110101000000000000010100011000000001010001100000000101000000101011000000000000000000000000000000000000000000000000000000000000000000000000000000000000000
0000000000000000000000000000000000000000000000000000000000000000100010001000000000000000000000000000000000000000000000000000000000000000000000000000000000000000100010001000000000000000000000000000000000000000000000000000000000000000000000000000000000000000
0000000000000000000000000000000000000000000000000000000000000000100010001000000000000000000000000000000000000000000000000000000000000000000000000000000000000000100010001000000000001000100000000000100000000000000010000000000000000000000000000000000000000000
0000000000000000000000000000000000000000000110000000000011011000000010101100000011000000000000000101101000000000000010101100000000000000110110000000000000011000000000000000000000000000000000000000000000000000000000000000000000000000000000000000000000000000
0000000000000000000000000000000000000000000000000000000000000000110110101101100000000000000000000000000000000000110110101101100001011010110110000000000000000000000000000000000000000000000000000000000000000000000000000000000000000000000000000000000000000000
0000000000000000000000000000000010000000000000001101000000000000010110100000000000000000010110000000001011010000010110100000000011010000000000001000000000000000000000000000000000000000000000000000000000000000000000000000000000000000000000000000000000000000
0001101011000000010110001101000001000000000110001100000000011000000000000001100000000000110000000000001010000000000000100000000000000010000000000000000000000000000010100000000000000000000000000000000000000000000000000000000000000000000000000000000000000000
0000011111000000000111101111000000110000000110000110000000001100010001110110010010001100110001101001100011000110100110001100011010011000110011001001100011001100110011111110000001000000000001100111000000001100000111100111100000000111111000000000000000000000
0000101100000000000010110000000000001011100000000001100110000000000110011000000000110000110000000011000001010000011110111101000001111011110100000110000000011000110000000000110000000000000000000000000000000000000000000000000000000000000000000000000000000000
1110110110100000111011011011000011000000001100001100000000110000110000000011000011101101101100001100000000110100110000000001010011000000000101001100000000110100111011011010000000000000000000000000000000000000000000000000000000000000000000000000000000000000
0000111011000000001010000110100001100000001010001100000000001100110000000000000011000000000000001100000000000000110000000000110011000000000011000110000000101000000011101100000000000000000000000000000000000000000000000000000000000000000000000000000000000000
1110111011000000111011101110000011000000001010001100000000101000110000000000110011000000000011001100000000001100110000000000110011000000001010001100000000101000111011101100000000000000000000000000000000000000000000000000000000000000000000000000000000000000
1110110110110100111011011011000011000000000000001100000000000000110000000000000011101101101100001110110110110000110000000000000011000000000000001100000000000000111011011011010000000000000000000000000000000000000000000000000000000000000000000000000000000000
1101101011011000110110101101100011000000000000001100000000000000110000000000000011011010110100001101101011010000110000000000000011000000000000001100000000000000110000000000000000000000000000000000000000000000000000000000000000000000000000000000000000000000
0001101111000000001110001101000001100000000110001100000000001000110000000000000011000000000000001100000111011100110000001101110011000000000011000110000000011100000110111100000000000000000000000000000000000000000000000000000000000000000000000000000000000000
1100000000010100110000000001010011000000000101001100000000010100110000000001010011101101101101001100000000010100110000000001010011000000000101001100000000010100110000000001010000000000000000000000000000000000000000000000000000000000000000000000000000000000
1000010000000000100001000000000010000100000000001000010000000000100001000000000010000100000000001000010000000000100001000000000010000100000000001000010000000000100001000000000000000000000000000000000000000000000000000000000000000000000000000000000000000000
0000000000001000000000000000100000000000000010000000000000001000000000000000100000000000000010000000000000001000000000000000100010100000000010001010000000101000000010101010000000000000000000000000000000000000000000000000000000000000000000000000000000000000
1100000000010100110000000011000011000001101000001100010110000000110011010000000011100101000000001100000110000000110000011010000011000000101000001100000000110000110000000001010000000000000000000000000000000000000000000000000000000000000000000000000000000000
1100000000000000110000000000000011000000000000001100000000000000110000000000000011000000000000001100000000000000110000000000000011000000000000001100000000000000110110101101100000000000000000000000000000000000000000000000000000000000000000000000000000000000
1110000000011100111100000001110011110000000111001111000000111100110110000010110011001000011011001100110001001100110011000100110011000100110011001100011010001100110000101000110000000000000000000000000000000000000000000000000000000000000000000000000000000000
1110000000001100111000000000110011101000000011001110110000001100110011000000110011000010100011001100001010001100110000001100110011000000011011001100000001101100110000000000110000000000000000000000000000000000000000000000000000000000000000000000000000000000
0000111011000000001110001110000001100000001100000110000000011000110000000001100011000000000011001100000000001000110000000001100001100000000110000110000000110000000011101100000000000000000000000000000000000000000000000000000000000000000000000000000000000000
1110110110100000111011011011000010000000001100001000000000010100100000000001000011101101101000001110110100000000100000000000000010000000000000001000000000000000100000000000000000000000000000000000000000000000000000000000000000000000000000000000000000000000
0011100011010000011000000001100011000000000011001100000000001100110000000000110011000000000011001100000000001100110000000000110001100000110110000011100011011000000110111101110000000000000001000000000000000000000000000000000000000000000000000000000000000000
1110000011010000110000000001100011000000000110001100000000011000110000000101000011111011110000001110001110000000110000001100000011000000010100001100000000011000110000000001110000000000000000000000000000000000000000000000000000000000000000000000000000000000
0110110110110000110000000011000011000000000101001110000000000000011011010000000000001101101100000000000010110100000000000001010011000000000101000110110110110000001011011010000000000000000000000000000000000000000000000000000000000000000000000000000000000000
1101101011011000000010100000000000001010000000000000101000000000000010100000000000001010000000000000101000000000000010100000000000001010000000000000101000000000000010100000000000000000000000000000000000000000000000000000000000000000000000000000000000000000
1100000000010100110000000001010011000000000101001100000000010100110000000001010011000000000101001100000000010100110000000001010011000000001100000110110110110000001011011010000000000000000000000000000000000000000000000000000000000000000000000000000000000000
1100000000001100110000000010100001000000001010000110000000100000011000000110000000101000011000000010100001000000000010001100000000001110100000000000011010000000000001100000000000000000000000000000000000000000000000000000000000000000000000000000000000000000
1000011100000110100001111000010010000101100011001000110110001100110011001000110011001100110010001100100011011000010110000101100001110000011100000111000001110000001100000011000000000000000000000000000000000000000000000000000000000000000000000000000000000000
0110000000101000001010000110000000101100110000000000111011000000000001101000000000000110100000000000111010000000000011001100000001100000011000001110000000101000110000000000110000000000000000000000000000000000000000000000000000000000000000000000000000000000
1100000000010100011000000011000001101000101000000010100010100000000011011000000000000101000000000000010100000000000001010000000000000101000000000000010100000000000001010000000000000000000000000000000000000000000000000000000000000000000000000000000000000000
0110110110110100000000000011000000000000101100000000000110100000000000011000000000000101000000000000110000000000001011000000000001100000000000001110110110110100111011011011010000000000000000000000000000000000000000000000000000000000000000000000000000000000
1001000000000000100100000000000010010000000000001001000000000000100100000000000010010000000000001001000000000000100100000000000010010000000000001001000000000000100100000000000010010000000000001001000000000000100100000000000010010010010000000000000000000000
1010000000000000101000000000000000100000000000000010000000000000001001000000000000000100000000000000010000000000000001001000000000000000100000000000000010000000000000001010000000000000000000000000000000000000000000000000000000000000000000000000000000000000
0000001001000000000000100100000000000010010000000000001001000000000000100100000000000010010000000000001001000000000000100100000000000010010000000000001001000000000000100100000000000010010000000000001001000000000000100100000010010010010000000000000000000000
0000010100000000000101011000000000010000100000000101000010100000010100001010000011000000001010000000000000000000000000000000000000000000000000000000000000000000000000000000000000000000000000000000000000000000000000000000000000000000000000000000000000000000
0000000000000000000000000000000000000000000000000000000000000000000000000000000000000000000000000000000000000000000000000000000000000000000000000000000000000000000000000000000000000000000000000000000000000000111011101110110000000000000000000000000000000000
1000000000000000000000000000000000000000000000000000000000000000000000000000000000000000000000000000000000000000000000000000000000000000000000000000000000000000000000000000000000000000000000000000000000000000000000000000000000000000000000000000000000000000
0000000000000000000000000000000000010101101000000101000010101000110000000010100000000000001010000000010110101000010101011010100011000000001010001100000010101000010101010000100000000000000000000000000000000000000000000000000000000000000000000000000000000000
1100000000000000110000000000000011001010110000001101100011010000110100000101000011000000000100001100000000011000110000000001100011000000010100001101100011010000110010101000000000000000000000000000000000000000000000000000000000000000000000000000000000000000
0000000000000000000000000000000000010101100000000101000010101000110000000010100011000000000000001100000000000000110000000000000011000000001010000101000010100000000101011000000000000000000000000000000000000000000000000000000000000000000000000000000000000000
0000000000101000000000000010100000010101001010000101000010101000110000000010100011000000001010001100000000101000110000000010100011000000001010000101000010101000000101011010100000000000000000000000000000000000000000000000000000000000000000000000000000000000
0000000000000000000000000000000000011010110000000101000011010000110000000101000011000000010110001101101011011000110000000000000011000000010100000101000011010000000110101100000000000000000000000000000000000000000000000000000000000000000000000000000000000000
0000010010000000000001001000000010100100101000000010010010000000000001001000000000000100100000000000010010000000000001001000000000000100100000000000010010000000000001001000000000000000000000000000000000000000000000000000000000000000000000000000000000000000
0000000000000000000000000000000000010101101010000101000010101000110000000010100011000000001010001100000000101000110000000010100011000000001010000101000010101000000101011010100000000000001010001100000000101000110100001010000001010101100000000000000000000000
1100000000000000110000000000000011000101101000001101010010101000110000000010100011000000001010001100000000101000110000000010100011000000001010001100000000101000110000000010100000000000000000000000000000000000000000000000000000000000000000000000000000000000
1000010000000000000000000000000010000100000000001000010000000000100001000000000010000100000000001000010000000000100001000000000010000100000000001000010000000000100001000000000000000000000000000000000000000000000000000000000000000000000000000000000000000000
0000001001000000000000000000000000000010010000000000001001000000000000100100000000000010010000000000001001000000000000100100000000000010010000000000001001000000000000100100000000000010010000000000001001000000000000100100000010010010000000000000000000000000
1100000000000000110000000000000011000000101000001100000110000000110001010000000011000101000000001101010100000000110101010000000011000000101000001100000010100000110000000010100000000000000000000000000000000000000000000000000000000000000000000000000000000000
1000010000000000100001000000000010000100000000001000010000000000100001000000000010000100000000001000010000000000100001000000000010000100000000001000010000000000100001000000000000000000000000000000000000000000000000000000000000000000000000000000000000000000
0000000000000000000000000000000011011110011110001110011011001100110000101000110011000010100011001100001010001100110000101000110011000010100011001100001010001100110000101000110000000000000000000000000000000000000000000000000000000000000000000000000000000000
0000000000000000000000000000000011000101101000001101010010101000110000000010100011000000001010001100000000101000110000000010100011000000001010001100000000101000110000000010100000000000000000000000000000000000000000000000000000000000000000000000000000000000
0000000000000000000000000000000000011010100000000101000011010000110000000101000011000000000110001100000000011000110000000001100011000000010100000101000011010000000110101000000000000000000000000000000000000000000000000000000000000000000000000000000000000000
0000000000000000000000000000000011001010110000001101100011010000110100000101000011000000000110001100000000011000110000000001100011000000010100001101100011010000110010101000000011000000000000001100000000000000110000000000000011000000000000000000000000000000
0000000000000000000000000000000000010101101010000101000010101000110000000010100011000000001010001100000000101000110000000010100011000000001010000101000010101000000101011010100000000000001010000000000000101000000000000010100000000000001010000000000000000000
0000000000000000000000000000000010100100101000001010010000000000101000000000000010100000000000001010000000000000101000000000000010100000000000001010000000000000101000000000000000000000000000000000000000000000000000000000000000000000000000000000000000000000
0000000000000000000000000000000001010101100000001100000010100000110000001010000011010000000000000101010110000000000001011010000011000000001010001101000010100000010101011000000000000000000000000000000000000000000000000000000000000000000000000000000000000000
0000010000000000000001000000000010100100101000000010010010000000000001000000000000000100000000000000010000000000000001000000000000000100000000000000010010000000000001001010000000000000000000000000000000000000000000000000000000000000000000000000000000000000
0000000000000000000000000000000011000000001010001100000000101000110000000010100011000000001010001100000000101000110000000010100011000000001010000101000010101000000101011010100000000000000000000000000000000000000000000000000000000000000000000000000000000000
0000000000000000000000000000000010000000001010001100000000101000110000001010000001000000101000000101000010100000010100011000000000010101000000000001010100000000000001010000000000000000000000000000000000000000000000000000000000000000000000000000000000000000
0000000000000000000000000000000011000010100011000100011010001100011001101000100001100110110010000110010011011000001101001101100000111100011100000001100001110000000110000110000000000000000000000000000000000000000000000000000000000000000000000000000000000000
0000000000000000000000000000000011000000001010000101000010100000010100011000000000010101100000000001010100000000000101010000000001010000101000001100000010100000110000000010100000000000000000000000000000000000000000000000000000000000000000000000000000000000
0000000000000000000000000000000010000000001010001100000000101000110000000010000001000000101000000101000010100000010100001000000000010101100000000001010100000000000001010000000000000100000000000001010000000000010101000000000011010000000000000000000000000000
0000000000000000000000000000000001011010110110000000000001010000000000001101000000000000110000000000001010000000000010100000000000011000000000000101000000000000110110101101100000000000000000000000000000000000000000000000000000000000000000000000000000000000
0000010000000000000001000000000000100100000000000010010000000000001001000000000000100100000000000010000000000000101000000000000000100100000000000010010000000000001001000000000000100100000000000000010000000000000001000000000000000100101000000000000000000000
1000000000000000100000000000000010000000000000001000000000000000100000000000000010000000000000001000000000000000100000000000000010000000000000001000000000000000100000000000000010000000000000001000000000000000100000000000000010000000000000000000000000000000
0000101000000000000010100000000000001010000000000000101000000000000010100000000000001010000000000000001000000000000000000101000000001010000000000000101000000000000010100000000000001010000000000000101000000000000010100000000010101000000000000000000000000000
0000000000000000000000000000000000000000000000000000000000000000110110100000100011011010110110001000001011010000000000000000000000000000000000000000000000000000000000000000000000000000000000000000000000000000000000000000000000000000000000000000000000000000
0000000000000000000000000000000000000000000000000000000000000000000000000000000000000000000000000000000000000000000000000000000000000000000000000000000000000000000000000000000000000000000000000000000000000000000000000000000000000000000000000000000000000000
1000100010000000100010001000000010001000100000000000100010000000000010001000000000001000100000000000100010000000000010001000000000000000000000000000100010000000000010001000000000000000000000000000000000000000000000000000000000000000000000000000000000000000
0000000000000000000000000000000000000000000000000000000000000000000000000000000000001000000100000001100001010000010100001100000011010000110000000001100001010000000000100000100000000000000000000000000000000000000000000000000000000000000000000000000000000000
0000110000110000000011000011000000001100001100001110110110110100111011011011010000101000101000000010100010100000111011011011010011101101101101000110000110000000011000011000000000000000000000000000000000000000000000000000000000000000000000000000000000000000
0001010110000000110101011010000011010101101010001100010100000000110101010000000001010101101000000000010110101000000001010010100011000101001010001101010100101000000101011000000000000101000000000000010100000000000000000000000000000000000000000000000000000000
0111000001100000110110001100000011011000110000001101100110000000110110011000000000000011000000000000001000000000000001100111100000000110110011000000110011001100000110001100110000011000011110000000000000000000000000000000000000000000000000000000000000000000
0001101100000000011110111000000001110001110000000111000110000000001110111000000001111011000000001110101101011000110000111101000011000001110100001110000111011000001110110001100000000000000000000000000000000000000000000000000000000000000000000000000000000000
1000100010000000100010001000000010001000100000000000100010000000000010000000000000000000000000000000000000000000000000000000000000000000000000000000000000000000000000000000000000000000000000000000000000000000000000000000000000000000000000000000000000000000
0000001001000000000100100100000000010010000000000001001000000000100100100000000010010010000000001001000000000000100100000000000010010000000000001001001000000000100100100000000000010010000000000001001000000000000100100100000000000010010000000000000000000000
1001000000000000100100100000000000010010000000000001001000000000000100100100000000010010010000000000001001000000000000100100000000000010010000000001001001000000000100100100000000010010000000000001001000000000100100100000000010010000000000000000000000000000
0000001000000000001000100001000010101010010100000000101000000000001010000100000000000000000000000000000000000000000000000000000000000000000000000000000000000000000000000000000000000000000000000000000000000000000000000000000000000000000000000000000000000000
0000000000000000000000000000000000001010000000000000101000000000000010100000000011011010110110001101101011011000000010100000000000001010000000000000101000000000000000000000000000000000000000000000000000000000000000000000000000000000000000000000000000000000
0000000000000000000000000000000000000000000000000000000000000000000000000000000000000000000000000000000000000000000000000000000000000000000000001000010000000000100001000000000000000100000000001000010000000000100000000000000000000000000000000000000000000000
0000000000000000000000000000000000000000000000000000000000000000000000000000000000000000000000001010010010100000101001001010000010100100101000000000000000000000000000000000000000000000000000000000000000000000000000000000000000000000000000000000000000000000
0000000000000000000000000000000000000000000000000000000000000000000000000000000000000000000000000000000000000000000000000000000000000000000000001000010000000000100001000000000000000000000000000000000000000000000000000000000000000000000000000000000000000000
0000001001000000000000100100000000000010010000000000001001000000000100100000000000010010000000000001001000000000000100000000000010010000000000001001000000000000100100000000000000000000000000000000000000000000000000000000000000000000000000000000000000000000
0001101011000000010110101101000001010000110100001101000001010000110100000101100011010000010110001101000001011000110100000101100011010000010100000101000011010000000110101100000000000000000000000000000000000000000000000000000000000000000000000000000000000000
0000001001010000000010100101000000101010010100001010101001010000101000100101000000000010010100000000001001010000000000100101000000000010010100000000001001010000000000100101000000000000000000000000000000000000000000000000000000000000000000000000000000000000
0001101011000000010110101101000001010000010110001101000001011000000000000101100000000000110100000000001011000000000010101000000000011010000000000101100000000000110110101101100000000000000000000000000000000000000000000000000000000000000000000000000000000000
0001101011000000010110101101000001011000110100000101000001010000000000001101000000000010110100000000000001011000000000000101100011010000010110000101100001011000000110101100000000000000000000000000000000000000000000000000000000000000000000000000000000000000
0000000011010000000000101101000000000010110100000000101011010000000110101101000001010000110100001101000011010000110110101101100011011010110110000000000011010000000000001101000000000000000000000000000000000000000000000000000000000000000000000000000000000000
0001101011011000000110101101100001011000000000000101100000000000010110101100000001010000010110000000000001011000000000000101100000000000010110001101000001011000000110101100000000000000000000000000000000000000000000000000000000000000000000000000000000000000
0000101011000000000110101101000001011000010110000101000000000000110110101100000011011000010110001101000001011000110100000101100001010000010110000101100001011000000010101100000000000000000000000000000000000000000000000000000000000000000000000000000000000000
1101101011011000110110101101100000000000010100000000000011010000000000101100000000001010100000000000101010000000000010100000000000011010000000000001101000000000000110100000000000000000000000000000000000000000000000000000000000000000000000000000000000000000
0001101011000000010110101101000001011000010110000101000001011000010100000101000000011010110100000101000001010000110100000101100011010000010110000101000001011000000110101100000000000000000000000000000000000000000000000000000000000000000000000000000000000000
0001101010000000010110101101000001010000110100001101000001011000110100000101100001010000110110000101101011011000000110101101100000000000010110000101000001010000000110101000000000000000000000000000000000000000000000000000000000000000000000000000000000000000
0000000000000000000000000000000000000000000000001000100010000000100010001000000000000000000000000000000000000000000000000000000000000000000000001000100010000000100010001000000000000000000000000000000000000000000000000000000000000000000000000000000000000000
0000000000000000000000000000000000000000000000001000100010000000100010001000000000000000000000000000000000000000000000000000000000000000000000001000100010000000100010001000000000001000100000000000100010000000100010000000000000000000000000000000000000000000
0000000000000000000000000000000000000000000010000000000001011000000010101101100011011000000000001101101000000000010110101101000000001010110110000000000001011000000000000000000000000000000000000000000000000000000000000000000000000000000000000000000000000000
0000000000000000000000000000000000000000000000001101101011011000110110101101100000000000000000000000000000000000110110101101100011011010110110001101101011011000000000000000000000000000000000000000000000000000000000000000000000000000000000000000000000000000
0000000000000000000000000000000011000000000000001101100000000000110110101000000000000000110110000000000011011000000110101101000011011010100000001101100000000000000000000000000000000000000000000000000000000000000000000000000000000000000000000000000000000000
0010110110000000011011011011000011101000101100001110000000110100000000001011000000000101100000000000010100000000000001010000000000000000000000000000010100000000000001010000000000000000000000000000000000000000000000000000000000000000000000000000000000000000
0000111111100000001111111111100001111000001111001110011101101100110011111110011010111000111001101011100011100110001100001100011000110000110011101011100111011100100011101111000011000000000001100111000000011110001111111111110000001111111000000000000000000000
0000011010000000000011101000000000001110110000000000111011000000000111001110000000011000011000000011111011110000001111101111000001111110111110000111000000111000111000000001110000000000000000000000000000000000000000000000000000000000000000000000000000000000
1110111011000000111011101110100011101110111010001100000001101000110000000110100011101110111000001110111011101000110000000010110011000000001011001110111011101000111011101110000000000000000000000000000000000000000000000000000000000000000000000000000000000000
0000011011100000001011101110100001101110111011000110100000101100111000000000100011100000000000001110000000000000111000000000100001101000001011000110111011101100000001101110000000000000000000000000000000000000000000000000000000000000000000000000000000000000
1110111011000000111011101110000011101110111010001100000001101000110000000010100011000000001011001100000000101100110000000010100011000000011010001110111011101000111011101100000000000000000000000000000000000000000000000000000000000000000000000000000000000000
1110110110110000111011011011000011101101101100001100000000000000110000000000000011101101101100001110110110110000110000000000000011000000000000001110110110110100111011011011010000000000000000000000000000000000000000000000000000000000000000000000000000000000
1101101011011000110110101101100011011010110110001100000000000000110000000000000011011010110100001101101011010000110000000000000011000000000000001100000000000000110000000000000000000000000000000000000000000000000000000000000000000000000000000000000000000000
0000101111000000001110111101100001111011110111000111000001011100111000000001100011100000110111001110000011011100111000001101110001110000000011000111101111011100000010111100000000000000000000000000000000000000000000000000000000000000000000000000000000000000
1100000000110100110000000011010011000000001101001100000000110100110000000011010011101101101101001110110110110100110000000011010011000000001101001100000000110100110000000011010000000000000000000000000000000000000000000000000000000000000000000000000000000000
1000010000000000100001000000000010000100000000001000010000000000100001000000000010000100000000001000010000000000100001000000000010000100000000001000010000000000100001000000000000000000000000000000000000000000000000000000000000000000000000000000000000000000
0000000010101000000000001010100000000000101010000000000010101000000000001010100000000000101010000000000010101000110000001010100011010000101010001101010110101000000101011000000000000000000000000000000000000000000000000000000000000000000000000000000000000000
1100000001101100110000001110100011000010111000001100011011000000110011101000000011101110100000001110111011000000111000101100000011000000111000001100000011101000110000000010110000000000000000000000000000000000000000000000000000000000000000000000000000000000
1100000000000000110000000000000011000000000000001100000000000000110000000000000011000000000000001100000000000000110000000000000011000000000000001101101011011000110110101101100000000000000000000000000000000000000000000000000000000000000000000000000000000000
1111000000111100111110000011110011111000011111001111100001111100111110000111110011101100111111001110110011011100111011101101110011101110110111001110011011011100111001101001110000000000000000000000000000000000000000000000000000000000000000000000000000000000
1110000000101100111010000010110011101100001011001110110000101100111011100010110011100110101011001110001011101100111000101110110011100000111011001110000011101100111000000010110000000000000000000000000000000000000000000000000000000000000000000000000000000000
0001101111000000001110111101000001111011110110001111000001011100111000000001110011100000000011001110000000001100111000000001110011110000010111000111101111011000000110111100000000000000000000000000000000000000000000000000000000000000000000000000000000000000
1110110110110100111011011011010011100000001101001110000000110100111011011011010011101101101100001110110110100000111000000000000011100000000000001110000000000000111000000000000000000000000000000000000000000000000000000000000000000000000000000000000000000000
0011111011110000011111101111100001111000001110000110000000011100111000000001110011100000000111001110001010011100011000101111110001111110111110000011111011111000000011101111110000000000000011000000000000000000000000000000000000000000000000000000000000000000
1110111011101000111011101110100011100000001010001110000000101000111011101110100011101110111000001110111010000000111000101100000011100000011010001110000001101100111000000010110000000000000000000000000000000000000000000000000000000000000000000000000000000000
0110111011100000011011101110100001100000011010000110100000000000011011101000000000101110111010000000011011101000000000000010110001101110111011000110111011101000000011101110000000000000000000000000000000000000000000000000000000000000000000000000000000000000
1110110110110100111011011011010000000101000000000000010100000000000001010000000000000101000000000000010100000000000001010000000000000101000000000000010100000000000001010000000000000000000000000000000000000000000000000000000000000000000000000000000000000000
1110000000010100111000000001010011100000000101001110000000010100111000000001010011100000000101001110000000010100111000000001010011101101101101000110110110110000001011011010000000000000000000000000000000000000000000000000000000000000000000000000000000000000
1110000000101100111000000010110001101000001010000110100001101000011010000110100000101100011000000010110011100000001011001110000000001110110000000000111011000000000001101000000000000000000000000000000000000000000000000000000000000000000000000000000000000000
1100011100001110110001111000110011000111100111001100011010011100111011101001110011101100110110001110110011011000011111001111100001111000111100000111100011110000001110000111000000000000000000000000000000000000000000000000000000000000000000000000000000000000
0110100001101000001011001110100000101110111000000000111011000000000001101100000000000110100000000000111011000000001011101110000001101000011010000110100001101100111000000010110000000000000000000000000000000000000000000000000000000000000000000000000000000000
1110000000110100011010000011010001101000101100000010110010110000000011011010000000001101100000000000010110000000000001011000000000000101100000000000010110000000000001011000000000000000000000000000000000000000000000000000000000000000000000000000000000000000
0110111011101100011011101110100000000000111000000000001011100000000001101100000000000110100000000000111000000000001011100000000001101110111011001110111011101100111011101110110000000000000000000000000000000000000000000000000000000000000000000000000000000000
1010010010100000101001001010000010100100000000001010010000000000101001000000000010100100000000001010010000000000101001000000000010100100000000001010010000000000101001000000000010100100000000001010010010100000101001001010000010100100101000000000000000000000
1010000000000000001001000000000000100100000000000010010000000000001001000000000000100100000000000000010010000000000001001000000000000100100000000000000010100000000000001010000000000000000000000000000000000000000000000000000000000000000000000000000000000000
1010010010100000101001001010000000000100101000000000010010100000000001001010000000000100101000000000010010100000000001001010000000000100101000000000010010100000000001001010000000000100101000001010010010100000101001001010000010100100101000000000000000000000
0001010110000000000101011000000000010101101000000101010010100000010100001010100011010000001010000000000000000000000000000000000000000000000000000000000000000000000000000000000000000000000000000000000000000000000000000000000000000000000000000000000000000000
0000000000000000000000000000000000000000000000000000000000000000000000000000000000000000000000000000000000000000000000000000000000000000000000000000000000000000000000000000000000000000000000000000000000000000111011101110110011101110111011000000000000000000
1000100000000000000010001000000000000000000000000000000000000000000000000000000000000000000000000000000000000000000000000000000000000000000000000000000000000000000000000000000000000000000000000000000000000000000000000000000000000000000000000000000000000000
0000000000000000000000000000000000011010110000000101101011010000110100000101000000000010110100000101101011010000110110000101000011010000110100001101101011010000010110100101100000000000000000000000000000000000000000000000000000000000000000000000000000000000
1100000000000000110000000000000011001010110000001101101011010000110100000101100011000000010110001100000001011000110000000101100011010000010110001101101011010000110010101100000000000000000000000000000000000000000000000000000000000000000000000000000000000000
0000000000000000000000000000000000001010110000000101101011010000010110000101100011010000010100001101000000000000110100000000000001011000010110000101101011011000000010101100000000000000000000000000000000000000000000000000000000000000000000000000000000000000
0000000000110100000000000011010000101101001101000110110110110100011010001011010011100000001101001110000000110100111000000011010001101000101101000110110110110100001011010011010000000000000000000000000000000000000000000000000000000000000000000000000000000000
0000000000000000000000000000000000011010110000000101101011010000010100000101000011010000010110001101101011011000110110101101100001010000010110000101101011010000000110101100000000000000000000000000000000000000000000000000000000000000000000000000000000000000
0010101001010000001010100000000010101010010100001010101001010000001010100000000000101010000000000010101000000000001010100000000000101010000000000010101000000000001010100000000000000000000000000000000000000000000000000000000000000000000000000000000000000000
0000000000000000000000000000000000101101001101000110110110110100011010001011010011100000001101001110000000110100111000000011010001101000101101000110110110110100001011010011010000000000001101000110100000110000011011011011000000101101101000000000000000000000
1101000000000000110100000000000011011010110000001101101011010000110100000101100011010000010110001101000001011000110100000101100011010000010110001101000001011000110100000101100000000000000000000000000000000000000000000000000000000000000000000000000000000000
1000100010000000000000000000000010001000100000001000100010000000100010001000000010001000100000001000100010000000100010001000000010001000100000001000100010000000100010001000000000000000000000000000000000000000000000000000000000000000000000000000000000000000
0000001001000000000000000000000000000010010000000000001001000000000000100100000000000010010000000000001001000000000000100100000000000010010000000000001001000000000000100100000000000010010000000000001001000000100100100100000010010010000000000000000000000000
1100000000000000110000000000000011000000101010001100000110100000110001011000000011010101000000001101010110000000110101011000000011000000101000001100000010101000110000000010100000000000000000000000000000000000000000000000000000000000000000000000000000000000
1000100010000000100010001000000010001000100000001000100010000000100010001000000010001000100000001000100010000000100010001000000010001000100000001000100010000000100010001000000000000000000000000000000000000000000000000000000000000000000000000000000000000000
0000000000000000000000000000000011011110011100001111111111111000111001111001100011000111000110001100011100011100110001110001110011000111000111001100011100011100110001110001110000000000000000000000000000000000000000000000000000000000000000000000000000000000
0000000000000000000000000000000011011010110000001101101011010000110100000101100011010000010110001101000001011000110100000101100011010000010110001101000001011000110100000101100000000000000000000000000000000000000000000000000000000000000000000000000000000000
0000000000000000000000000000000000001101100000000010110110110000011010000011010011100000001101001110000000110100111000000011010001101000101100000010110110110000000011011000000000000000000000000000000000000000000000000000000000000000000000000000000000000000
0000000000000000000000000000000011001010110000001101101011010000110100000101100011000000010110001100000001011000110000000101100011010000010110001101101011010000110010101100000011000000000000001100000000000000110000000000000011000000000000000000000000000000
0000000000000000000000000000000000011010010110001101101011011000110100001101100011000000010110001100000001011000110000000101100011010000110110000101101011011000000110100101100000000000010110000000000001011000000000000101100000000000010110000000000000000000
0000000000000000000000000000000010100010010100001010101001010000101010000000000010100000000000001010000000000000101000000000000010100000000000001010000000000000101000000000000000000000000000000000000000000000000000000000000000000000000000000000000000000000
0000000000000000000000000000000000011010110000000101101011010000110100000101000011011000000000000101101010000000000010101101000011010000010110000101101011010000000110101100000000000000000000000000000000000000000000000000000000000000000000000000000000000000
0010101000000000001010100000000010101010010000001010101001000000001010100000000000101010000000000010101000000000001010100000000000101010000000000010101001010000000010100101000000000000000000000000000000000000000000000000000000000000000000000000000000000000
0000000000000000000000000000000011000000001010001100000000101000110000000010100011000000001010001100000000101000110000000010100011010000101010001101010110101000010101010010100000000000000000000000000000000000000000000000000000000000000000000000000000000000
0000000000000000000000000000000011000000010110001101000001011000010100000101000001010000110100000101100011010000000110001100000000011010110000000000101010000000000010101000000000000000000000000000000000000000000000000000000000000000000000000000000000000000
0000000000000000000000000000000011000111000111001110011100011000111001111001100001100111101110000110111110111000011111011011000000111100111100000011110011100000001110001110000000000000000000000000000000000000000000000000000000000000000000000000000000000000
0000000000000000000000000000000011010000010110000101100011010000000110101101000000011010110000000000101010000000000010101100000001011000110100000101100001011000110100000101100000000000000000000000000000000000000000000000000000000000000000000000000000000000
0000000000000000000000000000000011000000000110001101000001011000110100000101000001010000010100000101100011010000010110001100000000011010110000000000101010000000000010101000000000001010100000000001101000000000110110100000000011011000000000000000000000000000
0000000000000000000000000000000011010101101010001101010110101000000000011010100000000101101000000000010110000000000101010000000011010100000000001101010110101000110101011010100000000000000000000000000000000000000000000000000000000000000000000000000000000000
0000101001010000000010100000000000001010000000000000101000000000000010100000000000001010000000000010101000000000101010000000000000101010000000000000101000000000000010100000000000001010000000000000101000000000000010100101000000000010010100000000000000000000
1000010000000000100001000000000010000100000000001000010000000000100001000000000010000100000000001000010000000000100001000000000010000100000000001000010000000000100001000000000010000100000000001000010000000000100001000000000010000100000000000000000000000000
1010101000000000000010100000000000001010000000000000101000000000000010100000000000001010000000000000101001000000000000100101000000001010010000000000101000000000000010100000000000001010000000000000101000000000101010100000000010101000000000000000000000000000
0000000000000000000000000000000000000000000000000110110000000100111011011011010011101101101101001000000110110000000000000000000000000000000000000000000000000000000000000000000000000000000000000000000000000000000000000000000000000000000000000000000000000000
