256,95,285
0000000000000000000000000000000000000000000000000000000000000000000000000000000000000000000000000000000000000000000000000000000000000000000000000000000000000000000000000000000000000000000000000000000000000000000000000000000000000000000000000000000000000000
0000000000000000000000000000000000000000000000000000000000000000000001000010100000010100101000000101000110000000110000011000000001010001101000000001010000100000000001000000000000000000000000000000000000000000000000000000000000000000000000000000000000000000
0000001000101000000001100010000000000110001000000000011001100000011011101110110000001100011000000000110001000000000011000100000011101110111011000010100011000000001010001000000000101010100000000000000000000000000000000000000000000000000000000000000000000000
0000010100000000000001010000000001010101101000000101010100100000110001010000000011000101000000000101010110000000000001011010000000000101001010000000010100101000110001011010100001010101101000000000010100000000000001010000000000000000000000000000000000000000
0111000001100000110110000100000010001000110000001000100110000000110110010000000001110011000000000000001001110000000001101101100000001100100011000000100010001100000110001101100000110000011100000000000000000000000000000000000000000000000000000000000000000000
0010111010000000001010101000000001100000000000000110000000000000001010000000000001101100000000001100011000001100110001101010100011000010111010001100000011100000011000001110100000101110101011000000000000000000000000000000000000000000000000000000000000000000
1000010000000000100001000000000010000000000000001000000000000000000000000000000000000000000000000000000000000000000000000000000000000000000000000000000000000000000000000000000000000000000000000000000000000000000000000000000000000000000000000000000000000000
0000001001000000000000100000000000010010000000000001001000000000000100000000000010010000000000001001000000000000100100000000000010010000000000001001000000000000000100100000000000010010000000000001001000000000000000100100000000000000010000000000000000000000
1000000000000000100010000000000010001000000000000000100000000000000010001000000000001000100000000000100010000000000010001000000000001000100000000000100010000000000010001000000000001000000000001000100000000000100000000000000010000000000000000000000000000000
0000101000000000000010100000000010101010101000000000101000000000101010101010000010001010001010000000101000000000000000000000000000000000000000000000000000000000000000000000000000000000000000000000000000000000000000000000000000000000000000000000000000000000
0000000000000000000000000000000000000101000000000000010100000000000001010000000000000101000000001110110110110100000001010000000000000101000000000000010100000000000001010000000000000101000000000000000000000000000000000000000000000000000000000000000000000000
0000000000000000000000000000000000000000000000000000000000000000000000000000000000000000000000000000000000000000000000000000000000000000000000000000000000000000000010001000000000001000100000001000100000000000100010000000000000000000000000000000000000000000
0000000000000000000000000000000000000000000000000000000000000000000000000000000000000000000000000000000000000000100100100100000000000000000000000000000000000000000000000000000000000000000000000000000000000000000000000000000000000000000000000000000000000000
0000000000000000000000000000000000000000000000000000000000000000000000000000000000000000000000000000000000000000000000000000000000000000000000000000000000000000100001000000000010000100000000000000000000000000000000000000000000000000000000000000000000000000
0000000000100000000000001010000000000000101000000000000010100000000000001000000000000100100000000000010010000000000001000000000000100100000000000010010000000000001000000000000010100000000000001010000000000000000000000000000000000000000000000000000000000000
0001010110000000010101011010000011000000001010001100000000101000110000000010100011000000001010001100000000101000110000000010100011000000001010001100000000101000010101011010000000010101100000000000000000000000000000000000000000000000000000000000000000000000
1010101000000000101010100000000000001010000000000000101000000000000010100000000000001010000000000000101000000000000010100000000000001010000000000000101000000000001010101000000010101010101010000000000000000000000000000000000000000000000000000000000000000000
0101010110000000110101011010000000000000001010000000000000101000000000000010100000000000101000000000000110000000000001010000000000010100000000000101000000000000110101000000000011010101101010000000000000000000000000000000000000000000000000000000000000000000
0101010110000000010101011010000000000000001010000000000000101000000000001010000000010101100000000000000110100000000000000010100000000000001010000000000000101000110101011010000011010101100000000000000000000000000000000000000000000000000000000000000000000000
0000001011000000000000101100000000001010110000000001100011000000000100001100000001010000110000001100000011000000110000001100000011011010110110000000000011000000000000001100000000000000110000000000000000000000000000000000000000000000000000000000000000000000
0101010110100000010100000000000001000000000000000100000000000000010101011000000001010001101000000000000000101000000000000010100000000000001010000000000000101000110101011010000011010101100000000000000000000000000000000000000000000000000000000000000000000000
0000010110100000010101011010100001010000000000001100000000000000110101011010000011010100101010001101000000101000110000000010100011000000001010000101000000101000010101001010100000010101101000000000000000000000000000000000000000000000000000000000000000000000
1010101001010000000000100101000000000010010000000000001001000000000000100100000000001010000000000000101000000000001010000000000000101000000000000010100000000000101000000000000010100000000000000000000000000000000000000000000000000000000000000000000000000000
0001010110100000010101001010100011000000001010001100000000101000010100001010100000010101101000000101000010101000110000000010100011000000001010001100000000101000110101001010100000010101101000000000000000000000000000000000000000000000000000000000000000000000
0001010110000000010101011010000011000000001010001100000000101000110000000010100011000000001010001101000010101000010101011010100000000000001010000000000000101000010101011010000001010101100000000000000000000000000000000000000000000000000000000000000000000000
0000000000000000000000000000000000000000000000000000000000000000100001000000000010000100000000000000000000000000000000000000000000000000000000000000000000000000100001000000000010000100000000000000000000000000000000000000000000000000000000000000000000000000
0000000000000000000000000000000000000000000000000000000000000000000010001000000000001000100000000000000000000000000000000000000000000000000000000000000000000000000010001000000000001000100000001000100000000000100010000000000000000000000000000000000000000000
0000000000000000000000000000000000000000000000000000000000110100000001011011000000101101000000001110100000000000111010000000000000101101000000000000010110110000000000000011010000000000000000000000000000000000000000000000000000000000000000000000000000000000
0000000000000000000000000000000000000000000000000000000000000000000000000000000011101101101101000000000000000000000000000000000011101101101101000000000000000000000000000000000000000000000000000000000000000000000000000000000000000000000000000000000000000000
0000000000000000000000000000000000000000000000001100000000000000111011000000000000001101101000000000000010110100000000001011010000001101101000001110110000000000110000000000000000000000000000000000000000000000000000000000000000000000000000000000000000000000
0000000000000000000011111100000000011100011100000011000000011000011000000000100011000111111011001100110011100100100010000110010010001000011001001100100001101100110011001111100001000111111100000110000000000000001110000110000000001111111000000000000000000000
0000011010000000000001101000000000000110110000000000110011000000000011001100000000101000011000000010100001100000001010000110000001101110111010000110000000101000011000000010100011000000000011000000000000000000000000000000000000000000000000000000000000000000
1101101011000000110100001101000011000000000110001100000000011000110000000101000011011010110000001101000001010000110000000001100011000000000110001100000000011000110100001101100011011010110000000000000000000000000000000000000000000000000000000000000000000000
0000110110110000011011011011010001100000000000001100000000000000110000000000000011000000000000001100000000000000110000000000000011000000000000000110000000000000011011011011010000001101101100000000000000000000000000000000000000000000000000000000000000000000
1110111011000000111000101110000011000000011010001100000000101000110000000010100011000000000011001100000000001100110000000010100011000000001010001100000001101000111000101110000011101110110000000000000000000000000000000000000000000000000000000000000000000000
1101010110101000110100000000000011000000000000001100000000000000110000000000000011010101101010001101000000000000110000000000000011000000000000001100000000000000110100000000000011010101101010000000000000000000000000000000000000000000000000000000000000000000
1010101010101000101010000000000010100000000000001010000000000000101000000000000010101010101010001010100000000000101000000000000010100000000000001010000000000000101000000000000010100000000000000000000000000000000000000000000000000000000000000000000000000000
0000110110110000011011011011010001100000000001001100000000000000110000000000000011000000000000001100000010110100110000000001010011000000000101000110000000010100011011011011010000001101101100000000000000000000000000000000000000000000000000000000000000000000
1100000000010100110000000001010011000000000101001100000000010100110000000001010011101101101101001110000000110100110000000001010011000000000101001100000000010100110000000001010011000000000101000000000000000000000000000000000000000000000000000000000000000000
1000010000000000100001000000000010000100000000001000010000000000100001000000000010000100000000001000010000000000100001000000000010000100000000001000010000000000100001000000000010000100000000000000000000000000000000000000000000000000000000000000000000000000
0000001001000000000000100100000000000010010000000000001001000000000000100100000000000010010000000000001001000000000000100100000000000010010000000000001001000000000000100100000000000010010000000000001001000000000100100100000010010010000000000000000000000000
1100000000110000110000001010000011000001100000001100010100000000111011000000000011101000000000001110110000000000110011010000000011000101100000001100000110100000110000001011000011000000001101000000000000000000000000000000000000000000000000000000000000000000
1100000000000000110000000000000011000000000000001100000000000000110000000000000011000000000000001100000000000000110000000000000011000000000000001100000000000000110100000000000011010101101010000000000000000000000000000000000000000000000000000000000000000000
1110000000001100111010000010110011101000001011001110100001101100110011000110010011001100010001001100011011000100110001101100010011000010100001001100000000000100110000000000010000000000000000000000000000000000000000000000000000000000000000000000000000000000
1110000000010100111010000001010011101000000101001100110000010100110011000001010011000101000101001100010100010100110000011001010011000000101101001100000010110100110000000011010000000000000000000000000000000000000000000000000000000000000000000000000000000000
0000111011000000011011101110000001100000001010001100000000101100110000000000110011000000000011001100000000001100110000000000110001100000001010000110110011100000000011101100000000000000000000000000000000000000000000000000000000000000000000000000000000000000
1101010110100000110100011010100011000000001010001100000000101000110000000010100011000000101010001101010110100000110100000000000011000000000000001100000000000000110000000000000000000000000000000000000000000000000000000000000000000000000000000000000000000000
0000111011000000011011101110000001100000001010001100000000101100110000000000110011000000000011001100000000001100110000000000110001100000001010000110110011100000000011101100000000000000110000000000000001100000000000000000000000000000000000000000000000000000
1110110110000000111001011010000011000000101000001100000010100000110000001010000011000001101000001110110110000000111000011010000011000000001100001100000000110000110000000001010000000000000000000000000000000000000000000000000000000000000000000000000000000000
0001010110100000110101011010100011000000000000001100000000000000110100000000000001010101100000000000010110101000000000000010100000000000001010001101000110101000010101011010000000000000000000000000000000000000000000000000000000000000000000000000000000000000
1110110110110100000011011000000000000101000000000000010100000000000001010000000000000101000000000000010100000000000001010000000000000101000000000000010100000000000001010000000000000000000000000000000000000000000000000000000000000000000000000000000000000000
1100000000010100110000000001010011000000000101001100000000010100110000000001010011000000000101001100000000010100110000000001010001100000001100000110110110110000001011011010000000000000000000000000000000000000000000000000000000000000000000000000000000000000
1100000000001100011000000010100001100000001010000110000000101000001010000110000000101000011000000010100001100000000011001100000000000110110000000000011010000000000001101000000000000000000000000000000000000000000000000000000000000000000000000000000000000000
1000001100001100110000110000110011000111100011001100011110001100110001011001100001100100100110000110110011011000011011001101100000111000011100000011100001110000001110000111000000000000000000000000000000000000000000000000000000000000000000000000000000000000
1100000000011000010100000101000001011000010100000001100011000000000010101100000000001010100000000000101010000000000110101100000001010000010100001100000000011000110000000001100000000000000000000000000000000000000000000000000000000000000000000000000000000000
1100000000010100011000000011000001101000101000000010100010100000000011011000000000001101000000000000010100000000000001010000000000000101000000000000010100000000000001010000000000000000000000000000000000000000000000000000000000000000000000000000000000000000
1101101011011000000000000101100000000000010100000000000011010000000000101100000000000010100000000000101000000000000110000000000001010000000000001101000000000000110110101101100000000000000000000000000000000000000000000000000000000000000000000000000000000000
1001001001000000100100000000000010010000000000001001000000000000100100000000000010010000000000001001000000000000100100000000000010010000000000001001000000000000100100000000000010010000000000001001001001000000000000000000000000000000000000000000000000000000
1010000000000000101000000000000000100000000000000010010000000000001001000000000000000100000000000000010010000000000001001000000000000000101000000000000010100000000000001010000000000000001000000000000000000000000000000000000000000000000000000000000000000000
1001001001000000000000100100000000000010010000000000001001000000000000100100000000000010010000000000001001000000000000100100000000000010010000000000001001000000000000100100000000000010010000001001001001000000000000000000000000000000000000000000000000000000
0000010100000000000011011000000000101001101000000110000010110000110000000011010000000000000000000000000000000000000000000000000000000000000000000000000000000000000000000000000000000000000000000000000000000000000000000000000000000000000000000000000000000000
0000000000000000000000000000000000000000000000000000000000000000000000000000000000000000000000000000000000000000000000000000000000000000000000000000000000000000000000000000000000000000000000000000000000000000000000000000000011010101101010000000000000000000
1000100000000000000010001000000000000000000000000000000000000000000000000000000000000000000000000000000000000000000000000000000000000000000000000000000000000000000000000000000000000000000000000000000000000000000000000000000000000000000000000000000000000000
0000000000000000000000000000000000000000000000000101010110000000010000011010000000000000001000000101010110101000110100000010100011000000101010001100000110101000010101010010100000000000000000000000000000000000000000000000000000000000000000000000000000000000
1100000000000000110000000000000011000000000000001100010110100000110101001010100011010000001010001100000000001000110000000000100011010000001010001101010010101000110001011010000000000000000000000000000000000000000000000000000000000000000000000000000000000000
0000000000000000000000000000000000000000000000000000101010101000001010100010100010100000000000001010000000000000101000000000000010100000000000000010101000101000000010101010100000000000000000000000000000000000000000000000000000000000000000000000000000000000
0000000000101000000000000010100000000000001010000001010110101000010100011010100011000000001010001100000000101000110000000010100011000000001010000101000010101000000101011010100000000000000000000000000000000000000000000000000000000000000000000000000000000000
0000000000000000000000000000000000000000000000000001010110000000010101001010000011000000001010001100000000101000110101011010100011000000000000000101010010101000000101011010000000000000000000000000000000000000000000000000000000000000000000000000000000000000
0000101001010000000010100000000000001000000000001010101001010000000010100000000000001000000000000000100000000000000010000000000000001000000000000000100000000000000010000000000000000000000000000000000000000000000000000000000000000000000000000000000000000000
0000000000000000000000000000000000000000000000000001010110101000010100001010100011000000001010001100000000101000110000000010100011000000001010000101000010101000000101011010100000000000001010000100000110100000010101011000000000000000000000000000000000000000
1100000000000000110000000000000011000000000000001100010110100000110101001010100011000000001010001100000000101000110000000010100011000000001010001100000000101000110000000010100000000000000000000000000000000000000000000000000000000000000000000000000000000000
1000010000000000100001000000000000000000000000001000010000000000100001000000000010000100000000001000010000000000100001000000000010000100000000001000010000000000100001000000000000000000000000000000000000000000000000000000000000000000000000000000000000000000
0000100010000000000010001000000000000000000000000000100010000000000010001000000000001000100000000000100010000000000010001000000000001000100000000000100010000000000010001000000000001000100000000000100010000000100010000000000000000000000000000000000000000000
1100000000000000110000000000000011000000000000001100000010101000110000011010000011000101100000001101010000000000110101000000000011000001100000001100000010100000110000000010100000000000000000000000000000000000000000000000000000000000000000000000000000000000
1000010000000000100001000000000010000100000000001000010000000000100001000000000010000100000000001000010000000000100001000000000010000100000000001000010000000000100001000000000000000000000000000000000000000000000000000000000000000000000000000000000000000000
0000000000000000000000000000000000000000000000001101111001111000111101101111110011000010100011001100001010000100110000101000010011000010100001001100001010000100110000101000010000000000000000000000000000000000000000000000000000000000000000000000000000000000
0000000000000000000000000000000000000000000000001100010110100000110100001010100011000000001010001100000000101000110000000010100011000000001010001100000000101000110000000010100000000000000000000000000000000000000000000000000000000000000000000000000000000000
0000000000000000000000000000000000000000000000000001010110000000010100001010000011000000001010001100000000101000110000000010100011000000001010000101000010100000000101011000000000000000000000000000000000000000000000000000000000000000000000000000000000000000
0000000000000000000000000000000000000000000000001101010110100000110100001010100011000000001010001100000000001000110000000000100011010000001010001101010010101000110001011010000011000000000000001100000000000000110000000000000000000000000000000000000000000000
0000000000000000000000000000000000000000000000000001010110101000010100001010100011000000001010001100000000101000110000000010100011000000001010000101000110101000000101011010100000000000001010000000000000101000000000000010100000000000000000000000000000000000
0000000000000000000000000000000000000000000000001010001001010000101010000000000010100000000000001010000000000000101000000000000010100000000000001010000000000000101000000000000000000000000000000000000000000000000000000000000000000000000000000000000000000000
0000000000000000000000000000000000000000000000000010101010100000101010000010000010100000000000001010100000000000001010101010000000000000001010001010000010101000101010101010000000000000000000000000000000000000000000000000000000000000000000000000000000000000
0000100000000000001010000000000000101000000000001010101001010000001010000000000000101000000000000010100000000000001010000000000000101000000000000000101000000000000010100101000000000000000000000000000000000000000000000000000000000000000000000000000000000000
0000000000000000000000000000000000000000000000001100000000101000110000000010100011000000001010001100000000101000110000000010100011000000001010000101000010101000010101011010100000000000000000000000000000000000000000000000000000000000000000000000000000000000
0000000000000000000000000000000000000000000000001000000000101000110000000010100011000000101000000100000010100000010100001010000000010101100000000001010100000000000101010000000000000000000000000000000000000000000000000000000000000000000000000000000000000000
0000000000000000000000000000000000000000000000001000101100001100110010110001100011001011000110001100100110011000010110011001000001111000110100000111000011010000001100001100000000000000000000000000000000000000000000000000000000000000000000000000000000000000
0000000000000000000000000000000011000000001010000101000010100000010101011000000000010101000000000000010100000000000101011000000001010001100000001100000010100000110000000010100000000000000000000000000000000000000000000000000000000000000000000000000000000000
0000000000000000000000000000000010000000001010001100000000101000110000001010000001010000101000000101000010000000000100011000000000010101100000000001010100000000000001010000000000010100000000000001010000000000110100000000000000000000000000000000000000000000
0000000000000000000000000000000010101010101010000000000010101000000000001010000000000010100000000000101000000000001010100000000000101000000000001010000000000000101010101010100000000000000000000000000000000000000000000000000000000000000000000000000000000000
0000101001000000000010100000000000001010000000000000101000000000000010100000000000001010000000001010100000000000001010100000000000001010000000000000101000000000000010100000000000001010000000000000101000000000000000100101000000000000000000000000000000000000
1000010000000000100001000000000010000100000000001000010000000000100001000000000010000100000000001000010000000000100001000000000010000100000000001000010000000000100001000000000010000100000000001000010000000000100001000000000010000100000000000000000000000000
0000101000000000000010100000000000001010000000000000101000000000000010100000000000001010000000000000001001010000000010100100000000001010000000000000101000000000000010100000000000001010000000000000101000000000101010000000000000000000000000000000000000000000
0000000000000000000000000000000000000000000000000000000000000000000000000000000011101101000101001100110110110000000000000000000000000000000000000000000000000000000000000000000000000000000000000000000000000000000000000000000000000000000000000000000000000000
0000000000000000100001000000000010000100000000001000010000000000100001000000000010000100000000001000010000000000100001000000000000000000000000000000000000000000100001000000000010000100000000000000000000000000000000000000000000000000000000000000000000000000
0000000000000000000000000000000000000000000000000010101000101000001010001010000010100010101000001010001010000000101000101000000010101000101000000010100010101000000000000000000000000000000000000000000000000000000000000000000000000000000000000000000000000000
0000000000000000000000000000000000000000000000000000000000000000000000000000000000000000000000000000000000000000000000000000000000000000000000000000000000000000000000000000000000000000000000000000000000000000000000000000000000000000000000000000000000000000
0000000000000000000100100100000000010010010000000001001001000000000100100100000000010010010000000001001001000000000100100000000000000010000000000000000000000000100100100100000000010010010000000000000000000000000000000000000000000000000000000000000000000000
0000000000000000000000000000000000000000000000000000000000000000000000000000000000001100000011000011100000110000011100001110000011100010111000000011100001110000000111000001100000000000000000000000000000000000000000000000000000000000000000000000000000000000
0000000000000000000001100001100000001100000110000000110000110000111111111111111000011000001100000001100001100000000110000110000011111111111111000011000011000000011000001100000001100001100000000000000000000000000000000000000000000000000000000000000000000000
0000001100000000000011111111000001110011000110000111001100011000011100110000000000111111000000000000111111110000000000110111110000000011000111001100001100011100111000110011100000111111110000000000001100000000000000000000000000000000000000000000000000000000
0000000000000000011100000001000010001100001000001000110001100000100011001000000010001100100000000111001100111000000000100110110000000100110001100000100011000110000100000100010000100000001110000000000000000000000000000000000000000000000000000000000000000000
0000000000000000000111100000000001100001000000000110000110000000011100010000000000111110011111000111111000110000110001110011000011000001101100001100000011100000111000011111000000111110001111100000000000000000000000000000000000000000000000000000000000000000
0000000000000000001001001000000000100100101000000000010010000000001001000000000000000000000000000000000000000000000000000000000000000000000000000000000000000000000000000000000000000000000000000000000000000000000000000000000000000000000000000000000000000000
0000000000000000000000000101100000000010100000000001101000000000010110000000000001011000000000001101100000000000110110000000000011011000000000001101100000000000010110000000000001011000000000000001101000000000000000101100000000000000010110000000000000000000
0000000000000000110100000000000000000101000000000000000110100000000000011010000000000000101010000000000010101000000000001010100000000000101010000000000010101000000000001010100000000001101000000000000110000000000101010000000011000000000000000000000000000000
0000000000000000000000110000000011000011000001001111101111011100001110111101000011100011000111000000001100000000000000000000000000000000000000000000000000000000000000000000000000000000000000000000000000000000000000000000000000000000000000000000000000000000
0000000000000000000000000000000000000000000000000000001100000000000000110000000000000011000000001111111111111110000000110000000000000011000000000000001100000000000000000000000000000000000000000000000000000000000000000000000000000000000000000000000000000000
0000000000000000000000000000000000000000000000000000000000000000000000000000000000000000000000000000000000000000000000000000000000000000000000000000000000000000001001001000000000100100101000000000000010100000001001001000000000000000000000000000000000000000
0000000000000000000000000000000000000000000000000000000000000000000000000000000000000000000000000000000000000000010110101101000011011010110110000000000000000000000000000000000000000000000000000000000000000000000000000000000000000000000000000000000000000000
0000000000000000000000000000000000000000000000000000000000000000000000000000000000000000000000000000000000000000000000000000000000000000000000000000000000000000100100100100000000010010010000000000000000000000000000000000000000000000000000000000000000000000
0000000000000000000000000001100000000000010100000000000001010000000000001100000000000010100000000000001000000000000010100000000000011000000000000101000000000000010100000000000011000000000000000000000000000000000000000000000000000000000000000000000000000000
0000000000000000000011111100000000111000011100000111000000111000111100000001110011100000000111001110000000011100111000000001110011110000000111000111000000111000001110000111000000001111110000000000000000000000000000000000000000000000000000000000000000000000
0000000000000000000000101000000001101110100000000000011010000000000001101000000000000110100000000000011010000000000001101000000000000110100000000000011010000000000001101000000011101110111011000000000000000000000000000000000000000000000000000000000000000000
0000000000000000011111101110000001100000001110000100000000011100000000000001110000000000001110000000000001110000000000001110000000000110000000000001100000000000111111101111110011111110111111000000000000000000000000000000000000000000000000000000000000000000
0000000000000000011111111100000001100000011100000100000000111000000000000011100000000000111000000000011111110000000000000011110000000000000111001100000000011100110000000011100001111111110000000000000000000000000000000000000000000000000000000000000000000000
0000000000000000000000000111000000000000111100000000001111110000000001100111000000001100011100000011000001110000011000000111000011111111111111100000000001110000000000000111000000000000011100000000000000000000000000000000000000000000000000000000000000000000
0000000000000000111111101111000011111110111100001100000000000000110000000000000011000000000000000111001011110000000000000011110000000000000111001000000000011100110000000011100011111110110000000000000000000000000000000000000000000000000000000000000000000000
0000000000000000000001111111100000011100000110000111000000000000011100000000000011110111111000001111000000111000111100000001110001110000000111000111000000011100001110000011100000000111111000000000000000000000000000000000000000000000000000000000000000000000
0000000000000000111111101111110011111110111111001000000000011000000000000011000000000000011000000000000011000000000000101000000000000110000000000000110000000000000110000000000000110000000000000000000000000000000000000000000000000000000000000000000000000000
0000000000000000000011111110000001111000001110000111000000111000011100000011100000111100111100000011110011110000011100000011110011100000000111001110000000011100011100000011100000011111111000000000000000000000000000000000000000000000000000000000000000000000
0000000000000000000111111100000001110000011100001110000000111000111000000011110011100000000111000111100001111100000011110001110000000000001110000000000000111000011000001111000001111111100000000000000000000000000000000000000000000000000000000000000000000000
0000000000000000000000000000000000000000000000000000000000000000000100100100000000010010010000000000000000000000000000000000000000000000000000000000000000000000000100100100000000010010010000000000000000000000000000000000000000000000000000000000000000000000
0000000000000000000000000000000000000000000000000000000000000000001001001000000000100100100000000000000000000000000000000000000000000000000000000000000000000000101001001000000000100100101000000000010010000000101001000000000000000000000000000000000000000000
0000000000000000000000000000000000000000000000000000000000011100000000111100000000111100000000001110000000000000000111100000000000000001111000000000000000011110000000000000000000000000000000000000000000000000000000000000000000000000000000000000000000000000
0000000000000000000000000000000000000000000000000000000000000000111111111111111000000000000000000000000000000000111111111111110000000000000000000000000000000000000000000000000000000000000000000000000000000000000000000000000000000000000000000000000000000000
0000000000000000000000000000000000000000000000001111000000000000000011110000000000000000111100000000000000001110000000001111000000011110000000001110000000000000000000000000000000000000000000000000000000000000000000000000000000000000000000000000000000000000
0000000000000000111011101100000010000000011011001000000000101100000000000010110000000000011010000000111011000000000011000000000000001100000000000000000000000000000011100000000000001110000000000000000000000000000000000000000000000000000000000000000000000000
0000000000000000000001111110000000011000000110000011000000000100010000011100011011000110010000101000100011000010100010001100011010001000110001001001100010000100100110111001100010001100110000000100000000000000011100000011000000011111110000000000000000000000
0000000000000000000000110000000000000011100000000000010111000000000011001100000000001000110000000000100001100000000111111111000000110000001100000011000000110000001000000011100011110000011111100000000000000000000000000000000000000000000000000000000000000000
0000000000000000111111111110000001110000001110000111000000011000011100000001100001110000111100000111000011111000011100000000111001110000000011100111000000001110011100000001110011111111111100000000000000000000000000000000000000000000000000000000000000000000
0000000000000000000001111111110000111000000011000111000000000100111000000000000011100000000000001110000000000000111000000000000011100000000000000111000000000110001110000000111000000111111110000000000000000000000000000000000000000000000000000000000000000000
0000000000000000111111111100000001110000011110000111000000011100011100000000111001110000000011100111000000001110011100000000111001110000000011100111000000011100011100000011100011111111110000000000000000000000000000000000000000000000000000000000000000000000
0000000000000000111111111111110001111000000011000111100000001100011110000000000001111000011000000111111111100000011110000110000001111000000000000111100000000010011110000000011011111111111111100000000000000000000000000000000000000000000000000000000000000000
0000000000000000111111111111111001111000000001100111100000000110011110000000000001111000000100000111111111110000011110000001000001111000000000000111100000000000011110000000000011111111000000000000000000000000000000000000000000000000000000000000000000000000
0000000000000000000001111111000000111000000110000110000000001000110000000000000011000000000000001100000000000000110000000111111011000000000110000110000000011000001110000001100000000111111100000000000000000000000000000000000000000000000000000000000000000000
0000000000000000111111000111111001110000001110000111000000111000011100000011100001110000001110000111111111111000011100000011100001110000001110000111000000111000011100000011100011111000011111100000000000000000000000000000000000000000000000000000000000000000
0000000000000000110110101101100000001010100000000000101010000000000010101000000000001010100000000000101010000000000010101000000000001010100000000000101010000000000010101000000011011010110110000000000000000000000000000000000000000000000000000000000000000000
0000000000000000000011101110110000000010111000000000001011100000000000101110000000000010111000000000001011100000000000101110000000000010111000000000001011000000100000101100000011101100000000000000000000000000000000000000000000000000000000000000000000000000
0000000000000000111110000111100001110000011000000111000011000000011100111000000001110110000000000111111110000000011100111000000001110001111000000111000001100000011100000011100011111100000111100000000000000000000000000000000000000000000000000000000000000000
0000000000000000111111110000000001111000000000000111100000000000011110000000000001111000000000000111100000000000011110000000000001111000000000000111100000000110011110000000011011111111111111100000000000000000000000000000000000000000000000000000000000000000
0000000000000000111100000001111001110000001110000111000000111000010110000100100001011000010010000100110011001000010011001000100001000110100010000100011100001000010000110000100011110010001111100000000000000000000000000000000000000000000000000000000000000000
0000000000000000111100000111111001111000000110000100110000011000010011100001100001000111000110000100001110011000010000011101100001000000011110000100000001111000010000000011100011110000000110000000000000000000000000000000000000000000000000000000000000000000
0000000000000000000011111100000000111000001110001110000000011100110000000000111011000000000011101100000000001110110000000000111011000000000011101110000000011100001110000011100000001111110000000000000000000000000000000000000000000000000000000000000000000000
0000000000000000111111111110000001111000001111000111100000011110011110000001111001111000000111100111100000111100011111111111000001111000000000000111100000000000011110000000000011111111000000000000000000000000000000000000000000000000000000000000000000000000
0000000000000000000011111100000000110000001100001110000000011000110000000001110011000000000111001100000000011100110000000001110011000000000111001110000000011000001100000011000000001111111000000000000001100000000000000011111000000000000000000000000000000000
0000000000000000111111111000000001110000011100000111000001110000011100000111000001110000011100000111000011100000011100111000000001110000111000000111000001110000011100000111000011111100000111100000000000000000000000000000000000000000000000000000000000000000
0000000000000000000111111111100001110000000110001110000000011000111100000000000001111111000000000000111111110000000000000111110000000000000111001100000000011100111000000011100000111111110000000000000000000000000000000000000000000000000000000000000000000000
0000000000000000111111111111111010000011000000100000001100000000000000110000000000000011000000000000001100000000000000110000000000000011000000000000001100000000000000111000000000000000000000000000000000000000000000000000000000000000000000000000000000000000
0000000000000000011100000001100001110000000110000111000000011000011100000001100001110000000110000111000000011000011100000001100001110000000110000011000000010000000111111110000000000000000000000000000000000000000000000000000000000000000000000000000000000000
0000000000000000001100000000110000110000000010000011100000010000000111000011000000001100001000000000111001000000000001101100000000000011110000000000001110000000000000110000000000000000000000000000000000000000000000000000000000000000000000000000000000000000
0000000000000000010000000000010001100001000001000110000110001000001000111000100000110010110010000011011011010000000101000101000000011100011100000001100001100000000010000010000000000000000000000000000000000000000000000000000000000000000000000000000000000000
0000000000000000001100000011000000111000011000000000110001000000000011111000000000000111000000000000011110000000000011011100000000010000011000000011000001110000011000000011100000000000000000000000000000000000000000000000000000000000000000000000000000000000
0000000000000000001100000000100000111000000110000001110000110000000011100110000000000111010000000000001110000000000000111000000000000011100000000000001110000000000000111000000000000000000000000000000000000000000000000000000000000000000000000000000000000000
0000000000000000111111111111110011000000011110000000000011100000000000011100000000000011100000000000011100000000000111100000000000111100000000100111100000000110111111111111111000000000000000000000000000000000000000000000000000000000000000000000000000000000
1101010110100000110100000000000011010000000000001101000000000000110100000000000011010000000000001101000000000000110100000000000011010000000000001101000000000000110100000000000011010000000000001101010000000000000000000000000000000000000000000000000000000000
0000000000000000110000000000000001010000000000000001100000000000000110000000000000001010000000000000001010000000000000001000000000000000110000000000000001010000000000000001100000000000000000000000000000000000000000000000000000000000000000000000000000000000
0101010110101000000000001010100000000000101010000000000010101000000000001010100000000000101010000000000010101000000000001010100000000000101010000000000010101000000000001010100000000000101010000000000110101000000000000000000000000000000000000000000000000000
0000000000000000000001110000000000001101100000000000100011000000000110000100000000110000011000000110000000110000110000000001100000000000000000000000000000000000000000000000000000000000000000000000000000000000000000000000000000000000000000000000000000000000
0000000000000000000000000000000000000000000000000000000000000000000000000000000000000000000000000000000000000000000000000000000000000000000000000000000000000000000000000000000000000000000000001111111111111110000000000000000000000000000000000000000000000000
1010101000000000000010100100000000000000000100000000000000000000000000000000000000000000000000000000000000000000000000000000000000000000000000000000000000000000000000000000000000000000000000000000000000000000000000000000000000000000000000000000000000000000
0000000000000000000000000000000000000000000000000000000000000000001110001110000000100000011100000000000001110000011110000111000011100000011100001110000001110000011111101111000000000000000000000000000000000000000000000000000000000000000000000000000000000000
1111000000000000011100000000000001110000000000000111000000000000011111111111000001110000001110000111000000011100011100000001110001110000000111000111000000111000011111111111000000000000000000000000000000000000000000000000000000000000000000000000000000000000
0000000000000000000000000000000000000000000000000000000000000000001110110101110001110000000001001110000000000000111000000000000011100000000000000111000000000000001110111101110000000000000000000000000000000000000000000000000000000000000000000000000000000000
0000000011111000000000000011100000000000001110000000000000111000001111101111100001110000001110001110000000111000111000000011100011100000001110000111000000111000001111111111100000000000000000000000000000000000000000000000000000000000000000000000000000000000
0000000000000000000000000000000000000000000000000000000000000000001110101101100001110000000111001110000000011100111100000000000011100000000000000111000000000000001110111101110000000000000000000000000000000000000000000000000000000000000000000000000000000000
0000000110110100000011010001010000101100000000000010110000000000001011010000000000101100000000000010110000000000001011000000000000101100000000000010110000000000001011010000000000000000000000000000000000000000000000000000000000000000000000000000000000000000
0000000000000000000000000000000000000000000000000000000000011100001111001111000001110000001110000111000000111000011100000111000000011111110000000111000000000000011111111111100000110000000111101110000000001110111000000001110000011111111000000000000000000000
1111000000000000011100000000000001110000000000000111000000000000011111111111000001110000001110000111000000111000011100000011100001110000001110000111000000111000011100000011100000000000000000000000000000000000000000000000000000000000000000000000000000000000
0000000000000000001010101000000000000000000000000000000000000000000010101000000000001010100000000000101010000000000010101000000000001010100000000000101010000000000010101000000000000000000000000000000000000000000000000000000000000000000000000000000000000000
0000000000000000000000001010100000000000000000000000000000000000000000001010100000000000101010000000000010101000000000001010100000000000101010000000000010101000000000001010100000000000101010000000000010101000100000001010100010101010100000000000000000000000
1111100000000000001110000000000000111000000000000011100000000000001110000011000000111000110000000011101100000000001111111100000000111001111000000011100001110000001110000011100000000000000000000000000000000000000000000000000000000000000000000000000000000000
1010101010000000000010101000000000001010100000000000101010000000000010101000000000001010100000000000101010000000000010101000000000001010100000000000101010000000000010101000000000000000000000000000000000000000000000000000000000000000000000000000000000000000
0000000000000000000000000000000000000000000000000000000000000000111111111111100011000011000011001100001100001100110000110000110011000011000011001100001100001100110000110000110000000000000000000000000000000000000000000000000000000000000000000000000000000000
0000000000000000000000000000000000000000000000000000000000000000011111111111000001110000001110000111000000111000011100000011100001110000001110000111000000111000011100000011100000000000000000000000000000000000000000000000000000000000000000000000000000000000
0000000000000000000000000000000000000000000000000000000000000000001111001111000001110000001110001110000000011100111000000001110011100000000111000111000000111000001111001111000000000000000000000000000000000000000000000000000000000000000000000000000000000000
0000000000000000000000000000000000000000000000000000000000000000001111111111100000111000000111000011100000001110001110000000111000111000000011100011100000011100001111000111100000111000000000000011100000000000001110000000000011111111000000000000000000000000
0000000000000000000000000000000000000000000000000000000000000000001111101111100001110000001110001110000000111000111000000011100011100000001110000111000000111000001111111111100000000000001110000000000000111000000000000011100000000000111111100000000000000000
0000000000000000000000000000000000000000000000000000000000000000011011011011010001101000000101000110100000000000011010000000000001101000000000000110100000000000011010000000000000000000000000000000000000000000000000000000000000000000000000000000000000000000
0000000000000000000000000000000000000000000000000000000000000000011011001110000011100000001000001110100000000000001011101110000000000000011010001100000000101000111010001110100000000000000000000000000000000000000000000000000000000000000000000000000000000000
0000000000000000000000000000000000001010000000000001101000000000010110101000000000011010000000000001101000000000000110100000000000011010000000000001101000000000000110101101100000000000000000000000000000000000000000000000000000000000000000000000000000000000
0000000000000000000000000000000000000000000000000000000000000000011100000011100001110000001110000111000000111000011100000011100001110000001110000111000000111000001111111111100000000000000000000000000000000000000000000000000000000000000000000000000000000000
0000000000000000000000000000000000000000000000000000000000000000011100000000110001111000000110000011110000110000000111000110000000001110110000000000011110000000000000111000000000000000000000000000000000000000000000000000000000000000000000000000000000000000
0000000000000000000000000000000000000000000000000000000000000000011000000000110001110001100011000011001111001000001100101100000000011100110100000001110001110000000011000110000000000000000000000000000000000000000000000000000000000000000000000000000000000000
0000000000000000000000000000000000000000000000000000000000000000001110000011000000011100011000000000111110000000000001111000000000001101110000000001100011110000011000000111100000000000000000000000000000000000000000000000000000000000000000000000000000000000
0000000000000000000000000000000000000000000000000000000000000000011100000001100000111000000110000011110000110000000111100110000000001110110000000000011111000000000000111000000000000011000000000000011000000000100011000000000011110000000000000000000000000000
0000000000000000000000000000000000000000000000000000000000000000111000001101100010000001110100000000001111000000000010110000000000011010000000000111100000000100111100000101110000000000000000000000000000000000000000000000000000000000000000000000000000000000
0000010110000000000011010000000000001101000000000000110100000000000011010000000000001101000000001110100000000000000011010000000000001101000000000000110100000000000011010000000000001101000000000000010110000000000000000000000000000000000000000000000000000000
1000010000000000100001000000000010000100000000001000010000000000100001000000000010000100000000001000010000000000100001000000000010000100000000001000010000000000100001000000000010000100000000001000010000000000100001000000000010000100000000000000000000000000
0010110000000000000011010000000000001101000000000000110100000000000011010000000000000101100000000000000010110100000001011000000000001101000000000000110100000000000011010000000000001101000000000010110000000000000000000000000000000000000000000000000000000000
0000000000000000000000000000000000000000000000000000000000000000000000000000000000000000000000000000000000000000000000000000000000000000000000000000000000000000000000000000000000000000000000000000000000000000000000000000000000000000000000000000000000000000
0000000000000000000000000000000000000000000000000000000000000000000110000000001001100111000001101100000011111100000000000000000000000000000000000000000000000000000000000000000000000000000000000000000000000000000000000000000000000000000000000000000000000000
1000100010000000100010001000000010001000100000001000100010000000100010001000000010001000100000001000100010000000100010001000000000000000000000000000000000000000100010001000000010001000100000000000000000000000000000000000000000000000000000000000000000000000
0000000000000000000000000000000000000000000000000000000000000000000001110000111000011110001111000111100011100000011100011110000000011110001110000000011100001110000000000000000000000000000000000000000000000000000000000000000000000000000000000000000000000000
0000001100110000000000110011000000000110001100000011111111111100011111111111111000001100011000000000110011000000111111111111110011111111111110000001100011000000001100011000000000110001100000000000000000000000000000000000000000000000000000000000000000000000
0000001100000000000111111111100011111011011111001110001100000000111000110000000011111111000000000001111111111000000000110011110000000011000011100000001100011110111110111111110000111111111100000000001100000000000000110000000000000000000000000000000000000000
0111000000110000110110000010000010001100010000001000110011000000110110001000000001110011001110000000001101101100000001100100011000000100010001100000100001000110000110000110110000110000001110000000000000000000000000000000000000000000000000000000000000000000
0000111110000000001111111000000000110000000000000011000000000000001110000000000001111100000011001100011100001100110000111001100011000000111110001110000001110000011111111111100000011111000111100000000000000000000000000000000000000000000000000000000000000000
0010010010100000001001001010000010100100100000001010010000000000000000000000000000000000000000000000000000000000000000000000000000000000000000000000000000000000000000000000000000000000000000000000000000000000000000000000000000000000000000000000000000000000
0000001010100000000010101000000000101010100000000010101000000000101010000000000010101000000000001010100000000000101010000000000010101000000000001010101000000000001010100000000000001010100000000000001010100000000000001010100000000000000000000000000000000000
1010100000000000001010100000000000001010100000000000001010100000000000101010000000000010101010000000000010101000000000001010100000000010101010000000001010100000000010101010000000001010100000000010101000000000101010000000000000000000000000000000000000000000
0000001100000000000000110000000011110011001111000000111111000000000111111110000011110011000111000000001100000000000000110000000000000000000000000000000000000000000000000000000000000000000000000000000000000000000000000000000000000000000000000000000000000000
0000000000000000000000000000000000000011000000000000001100000000000000110000000000000011000000001111111111111110000000110000000000000011000000000000001100000000000000110000000000000011000000000000000000000000000000000000000000000000000000000000000000000000
0000000000000000000000000000000000000000000000000000000000000000000000000000000000000000000000000000000000000000000000000000000000000000000000000000000000000000000001001010000000100100101000000010010010000000101001000000000000000000000000000000000000000000
0000000000000000000000000000000000000000000000000000000000000000000000000000000000000000000000000101101011011000110110101101100000000000000000000000000000000000000000000000000000000000000000000000000000000000000000000000000000000000000000000000000000000000
0000000000000000000000000000000000000000000000000000000000000000000000000000000000000000000000000000000000000000000000000000000000000000000000000000000000000000100100100100000010010010010000000000000000000000000000000000000000000000000000000000000000000000
0000000000101100000000000110100000000000011010000000000011100000000000101100000000000010110000000000011010000000000001101000000000001110000000000010110000000000001011000000000001101000000000001110100000000000111000000000000000000000000000000000000000000000
0000111111100000011111111111100011110000001111001110000000011110111000000000111011100000000011101110000000001110111000000000111011100000000111101111000000011100011111111111100000001111111000000000000000000000000000000000000000000000000000000000000000000000
0001111110000000111111111000000000000011100000000000001110000000000000111000000000000011100000000000001110000000000000111000000000000011100000000000001110000000011111111111110001111111111111100000000000000000000000000000000000000000000000000000000000000000
0001111111100000111111111111110000000000000111100000000000001110000000000001111000000000001111000000000011110000000000111100000000001111000000000011110000000000111111111111111011111111111111100000000000000000000000000000000000000000000000000000000000000000
0111111111100000111111111111100000000000000111000000000000011100000000000111110000011111111000000000000001111100000000000001111000000000000111100000000000011110111111111111100001111111110000000000000000000000000000000000000000000000000000000000000000000000
0000000011100000000000111110000000000111011000000000011001100000000111000110000000111000011000000111000001100000111000000110000011111111111111100000000001100000000000000110000000000000011000000000000000000000000000000000000000000000000000000000000000000000
1111111111111000111111111111100011110000000000001111000000000000111111111111000011000000011111000000000000011100000000000001111000000000000111100000000000111100111111111111100001111111110000000000000000000000000000000000000000000000000000000000000000000000
0000011111110000001111111111100001111000000000001110000000000000111111111111000011111000011111001111000000011100111000000001111011100000000111001111000000111100001111111111100000001111110000000000000000000000000000000000000000000000000000000000000000000000
1111111111111110111111111111110000000000001111000000000001111000000000001111000000000000111000000000000111100000000000111100000000000111100000000000111100000000000011100000000000011110000000000000000000000000000000000000000000000000000000000000000000000000
0001111111100000011111111111110011100000000111101110000000011110111110000111110000011111111100000111000000111100111000000000111011100000000011101110000000011110111111111111110000011111111000000000000000000000000000000000000000000000000000000000000000000000
0001111111000000111111111111100011100000000111001100000000011110111000000001111011110000001111100111111111111110000001110001111000000000000111100000000000111100111111111111000001111111100000000000000000000000000000000000000000000000000000000000000000000000
0000000000000000000000000000000000000000000000001000100010000000100010001000000000000000000000000000000000000000000000000000000000000000000000000000000000000000100010001000000010001000100000000000000000000000000000000000000000000000000000000000000000000000
0000000000000000000000000000000000000000000000000000000000000000000001001010000000000100101000000000000000000000000000000000000000000000000000000000000000000000000001001010000000100100101000000010010010000000101001000000000000000000000000000000000000000000
0000000000000000000000000000000000000000000001000000000000111110000000111111000000111111000000001111000000000000111111000000000000001111110000000000000011111100000000000000111000000000000000000000000000000000000000000000000000000000000000000000000000000000
0000000000000000000000000000000000000000000000000000000000000000111111111111111011111111111111000000000000000000111111111111110011111111111111100000000000000000000000000000000000000000000000000000000000000000000000000000000000000000000000000000000000000000
0000000000000000000000000000000000000000000000001111100000000000001111110000000000000011111110000000000000111110000000001111110000001111110000001111110000000000110000000000000000000000000000000000000000000000000000000000000000000000000000000000000000000000
0001111011100000111111101111100000000000001111000000000000111100000000000111100000000010111000000000111010000000000011100000000000001110000000000000000000000000000011101000000000001110100000000000000000000000000000000000000000000000000000000000000000000000
0000000000000000000111111111000000110000000110000110000000001100110000110110010010001111111001101000110001100110100110000110011010011000011001001000110001101100110011111111100001000000000000000010000000010000000111101111000000000111100000000000000000000000
0000001110000000000001111000000000001111110000000000110011000000000011000110000000011000011000000011100001110000001111111111100000111111111110000110000000011000111000000001110011000000000011100000000000000000000000000000000000000000000000000000000000000000
1111111111000000111111111111100011100000001111001110000000111100111000000111100011111111111000001110000001111100111000000001111011100000000111101110000000011110111111111111110011111111111000000000000000000000000000000000000000000000000000000000000000000000
0000011111110000001111111111111001110000000001101110000000000000111000000000000011000000000000001100000000000000111000000000000011100000000000000111000000000110001111111111111000000111111100000000000000000000000000000000000000000000000000000000000000000000
1111111110000000111111111111000011100000001110001110000000011100111000000000111011100000000011101110000000001110111000000000111011100000000111001110000000111000111111111111000011111111100000000000000000000000000000000000000000000000000000000000000000000000
1111111111111110111111111111111011110000000000001111000000000000111100000000000011111111111111101111000000000000111100000000000011110000000000001111000000000000111111111111111011111111111111100000000000000000000000000000000000000000000000000000000000000000
1111111111111100111111111111110011110000000000001111000000000000111100000000000011111111111110001111000000000000111100000000000011110000000000001111000000000000111100000000000011110000000000000000000000000000000000000000000000000000000000000000000000000000
0000011111110000001111111111111001110000000001101110000000000000111000000000000011000000011111101100000001111110111000000000111011100000000011100111000000001110001111111111111000000111111100000000000000000000000000000000000000000000000000000000000000000000
1110000000001110111000000000111011100000000011101110000000001110111000000000111011111111111111101110000000001110111000000000111011100000000011101110000000001110111000000000111011100000000011100000000000000000000000000000000000000000000000000000000000000000
1001001001000000100100100100000010010010010000001001001001000000100100100100000010010010010000001001001001000000100100100100000010010010010000001001001001000000100100100100000010010010010000000000000000000000000000000000000000000000000000000000000000000000
0000000011011000000000001101100000000000110110000000000011011000000000001101100000000000110110000000000011011000000000001101100000000000110110000000000011011000000000001101100000000000110110000000000011010000000000101101000011011010110000000000000000000000
1110000000111110111000000111000011100001110000001110011110000000111111100000000011111000000000001111110000000000111001110000000011100011110000001110000011100000111000000011100011100000000111100000000000000000000000000000000000000000000000000000000000000000
0000000000000000111100000000000011110000000000001111000000000000111100000000000011110000000000001111000000000000111100000000000011110000000000001111000000000000111111111111111000000000000000000000000000000000000000000000000000000000000000000000000000000000
0000000000000000111100000001111011110000001111101111000000111110110110000110111011001100011011101100110011001110110001111000111011000111100011101100001110001110110000000000111000000000000000000000000000000000000000000000000000000000000000000000000000000000
0000000000000000111100000000111011111000000011101101110000001110110011100000111011000111000011101100001110001110110000011100111011000000111011101100000001111110110000000011111000000000000000000000000000000000000000000000000000000000000000000000000000000000
0000000000000000000111111110000001110000011110001110000000011000110000000001110011000000000011101100000000001110110000000000110011000000000111001111000000111000001111111110000000000000000000000000000000000000000000000000000000000000000000000000000000000000
0000000000000000111111111111100011110000001111101111000000001110111100000000111011110000011111101111111111111000111100000000000011110000000000001111000000000000111100000000000000000000000000000000000000000000000000000000000000000000000000000000000000000000
0000000000000000000111111110000001110000011110001110000000011000110000000001110011000000000011101100000000001110110000000000110011000000000111000111000000111000001111111110000000000000111000000000000001111000000000000000000000000000000000000000000000000000
0000000000000000111111111100000011100000111100001110000000110000111000000011000011111111111000001111111111000000111000001110000011100000001100001110000000111000111000000001111000000000000000000000000000000000000000000000000000000000000000000000000000000000
0000000000000000011111111111100011110000000110001110000000000000111000000000000001111111110000000000001111111000000000000011110000000000000111100000000000011100111111111111000000000000000000000000000000000000000000000000000000000000000000000000000000000000
0000000000000000111111111111111000000011100000000000001110000000000000111000000000000011100000000000001110000000000000111000000000000011100000000000001110000000000000111000000000000000000000000000000000000000000000000000000000000000000000000000000000000000
0000000000000000110000000001111011000000000111101100000000011110110000000001111011000000000111101100000000011110110000000001111011000000000111101110000000111100001111111111000000000000000000000000000000000000000000000000000000000000000000000000000000000000
0000000000000000110000000000110011100000000111000111000000011000001100000011100000111000011100000001110001100000000011000110000000001100110000000000111111000000000001111000000000000000000000000000000000000000000000000000000000000000000000000000000000000000
0000000000000000110000110000010011000011100011001100001110001100010001101000110001100100100010000110010011011000001011000101100000111100010110000011100001110000001110000111000000000000000000000000000000000000000000000000000000000000000000000000000000000000
0000000000000000011100000001110000111000011100000001110001110000000011101110000000000011100000000000011110000000000011001100000000011100011100000011100001110000111000000001110000000000000000000000000000000000000000000000000000000000000000000000000000000000
0000000000000000111000000001110001110000001100000001100001110000000111001110000000000111100000000000001110000000000000111000000000000011100000000000001110000000000000111000000000000000000000000000000000000000000000000000000000000000000000000000000000000000
0000000000000000111111111111110000000000001111000000000001110000000000001110000000000011100000000000011100000000000111000000000000011100000000000111000000000000111111111111111000000000000000000000000000000000000000000000000000000000000000000000000000000000
1010101010101000101010000000000010101000000000001010100000000000101010000000000010101000000000001010100000000000101010000000000010101000000000001010100000000000101010000000000010101000000000001010100000000000101010101010100000000000000000000000000000000000
0000000000000000111000000000000001101000000000000010110000000000001011000000000000001110000000000000011010000000000001101000000000000010110000000000000011100000000000001110000000000000011010000000000000101100000000000000000000000000000000000000000000000000
1010101010101000000000101010100000000000101010000000000010101000000000001010100000000000101010000000000010101000000000001010100000000000101010000000000010101000000000001010100000000000101010000000001010101000101010101010100000000000000000000000000000000000
0000011110000000000011111110000000111100111100000111000000111000110000000000111000000000000000000000000000000000000000000000000000000000000000000000000000000000000000000000000000000000000000000000000000000000000000000000000000000000000000000000000000000000
0000000000000000000000000000000000000000000000000000000000000000000000000000000000000000000000000000000000000000000000000000000000000000000000000000000000000000000000000000000000000000000000000000000000000000000000000000000011111111111111100000000000000000
0010101000000000000010100100000000000000000000000000000000000000000000000000000000000000000000000000000000000000000000000000000000000000000000000000000000000000000000000000000000000000000000000000000000000000000000000000000000000000000000000000000000000000
0000000000000000000000000000000000000000000000000001111111100000011111111111100000000000000011100001111111111110011111000000111011100000000111101110000000011110011111111110111000000000000000000000000000000000000000000000000000000000000000000000000000000000
1100000000000000110000000000000011000000000000001100111111000000111111111111100011100000000111001100000000011110110000000001111011000000000111101110000000111100110111111111000000000000000000000000000000000000000000000000000000000000000000000000000000000000
0000000000000000000000000000000000000000000000000000011111111000001111111111110011110000000000001110000000000000111000000000000011100000000000000111000000000000000111111111110000000000000000000000000000000000000000000000000000000000000000000000000000000000
0000000000011110000000000001111000000000000111100001111110011110011111111111111011100000000111101100000000011110110000000001111011000000000111101110000000111110001111111111111000000000000000000000000000000000000000000000000000000000000000000000000000000000
0000000000000000000000000000000000000000000000000000111111100000011111111111110011000000000011101111111111111110110000000000000011000000000000001110000000000000001111111111110000000000000000000000000000000000000000000000000000000000000000000000000000000000
0000001011101100000011101110110000101110000000001110111011101000001011100000000000101110000000000010111000000000001011100000000000101110000000000010111000000000001011100000000000000000000000000000000000000000000000000000000000000000000000000000000000000000
0000000000000000000000000000000000000000000000000001111110011110011111111111111011100000000111101100000000011110110000000001111011000000000111101110000000111110011111111111111000000000000111000000000000111100011111111111100000111111110000000000000000000000
1110000000000000111000000000000011100000000000001110011111110000111111111111110011110000000111101110000000001110111000000000111011100000000011101110000000001110111000000000111000000000000000000000000000000000000000000000000000000000000000000000000000000000
1000100010000000100010001000000000000000000000001000100010000000100010001000000010001000100000001000100010000000100010001000000010001000100000001000100010000000100010001000000000000000000000000000000000000000000000000000000000000000000000000000000000000000
0000000010101000000000001010100000000000000000000000000010101000000000001010100000000000101010000000000010101000000000001010100000000000101010000000000010101000000000001010100000000000101010000000000010101000001010101010000010101010100000000000000000000000
1110000000000000111000000000000011100000000000001110000000011110111000001111100011100111100000001111111000000000111111100000000011100111100000001110000111100000111000000011110000000000000000000000000000000000000000000000000000000000000000000000000000000000
1000100010000000100010001000000010001000100000001000100010000000100010001000000010001000100000001000100010000000100010001000000010001000100000001000100010000000100010001000000000000000000000000000000000000000000000000000000000000000000000000000000000000000
0000000000000000000000000000000000000000000000001011110000111000111111101111110010000011000001101000001100000110100000110000011010000011000001101000001100000110100000110000011000000000000000000000000000000000000000000000000000000000000000000000000000000000
0000000000000000000000000000000000000000000000001110011111110000111111111111110011110000000111101110000000001110111000000000111011100000000011101110000000001110111000000000111000000000000000000000000000000000000000000000000000000000000000000000000000000000
0000000000000000000000000000000000000000000000000001111111000000011111111111100011100000000111101100000000001110110000000000111011000000000111101110000000111100001111111111000000000000000000000000000000000000000000000000000000000000000000000000000000000000
0000000000000000000000000000000000000000000000001100111111000000111111111111100011100000000111001100000000011110110000000001111011000000000111101110000000111100110111111111000011000000000000001100000000000000110000000000000011000000000000000000000000000000
0000000000000000000000000000000000000000000000000001111110011110011111111111111011100000000111101100000000011110110000000001111011000000000111101110000000111110001111111111111000000000000111100000000000011110000000000001111000000000000111100000000000000000
0000000000000000000000000000000000000000000000001110000110110100111011011011010011101000000000001110000000000000111000000000000011100000000000001110000000000000111000000000000000000000000000000000000000000000000000000000000000000000000000000000000000000000
0000000000000000000000000000000000000000000000000001111011110000111111101111100011100000000000001111111000000000000111101111100000000000001111000000000000011100111111101111100000000000000000000000000000000000000000000000000000000000000000000000000000000000
0000000000000000001011000000000000101100000000001110111011101100011011000000000000101100000000000010110000000000001011000000000000101100000000000010110000000000000011101110110000000000000000000000000000000000000000000000000000000000000000000000000000000000
0000000000000000000000000000000000000000000000001110000000011110111000000001111011100000000111101110000000011110111000000001111011100000000111101110000000111110011111111101111000000000000000000000000000000000000000000000000000000000000000000000000000000000
0000000000000000000000000000000000000000000000001100000000001110111000000001110001110000001110000011100001110000001111001111000000011100111000000000111011000000000001111000000000000000000000000000000000000000000000000000000000000000000000000000000000000000
0000000000000000000000000000000011000011000001101100001110001100111001111000110001100110110011000110011011001100011001001101100001111100111110000011100001110000001110000111000000000000000000000000000000000000000000000000000000000000000000000000000000000000
0000000000000000000000000000000011110000000111000111100001111000000111001111000000001111110000000000011110000000000011111100000000011110111000000111100001111000111100000011110000000000000000000000000000000000000000000000000000000000000000000000000000000000
0000000000000000000000000000000011000000000011101110000000011100011100000011100001111000011110000011110001110000000111001110000000001110110000000000011111000000000001111000000000000011000000000000011100000000011111100000000011111100000000000000000000000000
0000000000000000000000000000000001111111111111100011111111111110000000000111100000000000111100000000001111000000000011110000000000011110000000000111100000000000111111111111111000000000000000000000000000000000000000000000000000000000000000000000000000000000
0000011011100000000001101000000000000110100000000000011010000000000001101000000000001110100000001111110000000000000111100000000000000110100000000000011010000000000001101000000000000110100000000000011010000000000000101111110000000000000000000000000000000000
1000100010000000100010001000000010001000100000001000100010000000100010001000000010001000100000001000100010000000100010001000000010001000100000001000100010000000100010001000000010001000100000001000100010000000100010001000000010001000100000000000000000000000
0011111000000000000011101000000000001110100000000000111010000000000001101000000000000110100000000000001011111100000001101100000000000110100000000000111010000000000011101000000000001110100000000000111000000000111111100000000000000000000000000000000000000000
0000000000000000000000000000000000000000000000000000000000000000000000000000000001111111000001101100011111111100000000000000000000000000000000000000000000000000000000000000000000000000000000000000000000000000000000000000000000000000000000000000000000000000
